2.115117702754185924e-01
3.168196754130174209e-01
3.992510528964253180e-01
4.561350801823519374e-01
4.917249052458353975e-01
5.111823627030177564e-01
5.193008366636245876e-01
5.200660989203311768e-01
5.165142696156268531e-01
5.107607287238894456e-01
5.041367388010939976e-01
4.973782765729460320e-01
4.908186719990270119e-01
4.845519057360951898e-01
4.785519425157983009e-01
4.727485530735937580e-01
4.670684845608293889e-01
4.614531824380144753e-01
4.558629157625038175e-01
4.502743967248676316e-01
4.446762490305880000e-01
4.390645827920244271e-01
4.334395756684872869e-01
4.278032077396163313e-01
4.221579584998880197e-01
4.165061780046667717e-01
4.108498678492724099e-01
4.051906750866364759e-01
3.995299727294365222e-01
3.938689568514550099e-01
3.882087285345222627e-01
3.825503513562785174e-01
3.768948862081683560e-01
3.712434092778644223e-01
3.655970193335928986e-01
3.599568391804466860e-01
3.543240145478945835e-01
3.486997122844811559e-01
3.430851187581069883e-01
3.374814387675675875e-01
3.318898949671796328e-01
3.263117276868792160e-01
3.207481950111407687e-01
3.152005730048996757e-01
3.096701560107980034e-01
3.041582569740342579e-01
2.986662077737823329e-01
2.931953595537500346e-01
2.877470830512106059e-01
2.823227689262547413e-01
2.769238280930998997e-01
2.715516920543738499e-01
2.662078132381149320e-01
2.608936653361313973e-01
2.556107436414274403e-01
2.503605653816098342e-01
2.451446700444608884e-01
2.399646196911465190e-01
2.348219992517439902e-01
2.297184167969076596e-01
2.246555037784955244e-01
2.196349152308465502e-01
2.146583299231088759e-01
2.097274504515584670e-01
2.048440032592009352e-01
2.000097385681025575e-01
1.952264302078354219e-01
1.904958753211271061e-01
1.858198939252720672e-01
1.812003283050718228e-01
1.766390422100274638e-01
1.721379198252047660e-01
1.676988644816484464e-01
1.633237970684534301e-01
1.590146541046563167e-01
1.547733854250429031e-01
1.506019514298687634e-01
1.465023198444785069e-01
1.424764619310415481e-01
1.385263480913026812e-01
1.346539427966311764e-01
1.308611987800575582e-01
1.271500504247946584e-01
1.235224062853983867e-01
1.199801406817496002e-01
1.165250843130118119e-01
1.131590138492631487e-01
1.098836404732640715e-01
1.067005973644424427e-01
1.036114261422173138e-01
1.006175623166840061e-01
9.772031983165872793e-02
9.492087482803085452e-02
9.222024880377091560e-02
8.961929139972872604e-02
8.711866309583995993e-02
8.471881815815331118e-02
8.241998823010121544e-02
8.022216700792457467e-02
7.812509647589545303e-02
7.612825519750268666e-02
7.423084915976033149e-02
7.243180564555169731e-02
7.072977056083289138e-02
6.912310956859683830e-02
6.760991328077409213e-02
6.618800663602571188e-02
6.485496245124702797e-02
6.360811898514137641e-02
6.244460120247157658e-02
6.136134528724070808e-02
6.035512583147411431e-02
5.942258503159946609e-02
5.856026316267264054e-02
5.776462957519604147e-02
5.703211347038196488e-02
5.635913375490694821e-02
5.574212735050955436e-02
5.517757543043934343e-02
5.466202716601215733e-02
5.419212068443374219e-02
5.376460105623279834e-02
5.337633524080680203e-02
5.302432401689242264e-02
5.270571100797596942e-02
5.241778897905656487e-02
5.215800363043561483e-02
5.192395514710346216e-02
5.171339778040894009e-02
5.152423774411845486e-02
5.135452970202986078e-02
5.120247211136584597e-02
5.106640166745943232e-02
5.094478707275480744e-02
5.083622232857458456e-02
5.073941972283020629e-02
5.065320266194138499e-02
5.057649847147105415e-02
5.050833126790663791e-02
5.044781498395891489e-02
5.039414661186967376e-02
5.034659971355538027e-02
5.030451823291180041e-02
5.026731063414369149e-02
5.023444438040462062e-02
5.020544075915049642e-02
5.017987005423699826e-02
5.015734705973426411e-02
5.013752692651054360e-02
5.012010132968158088e-02
5.010479494287932434e-02
5.009136220382576221e-02
5.007958435478280373e-02
5.006926674098316488e-02
5.006023635003882533e-02
5.005233957549541646e-02
5.004544018809009565e-02
5.003941749881984924e-02
5.003416469859518073e-02
5.002958736000207712e-02
5.002560208749427112e-02
5.002213530316428070e-02
5.001912215607678958e-02
5.001650554397654019e-02
5.001423523699424084e-02
5.001226709375971441e-02
5.001056236108550324e-02
5.000908704910114744e-02
5.000781137439820612e-02
5.000670926438381680e-02
5.000575791663948444e-02
5.000493740763829048e-02
5.000423034569161096e-02
5.000362156347555598e-02
5.000309784592837231e-02
5.000264768971697527e-02
5.000226109084343618e-02
5.000192935730301408e-02
5.000164494401729970e-02
5.000140130754931328e-02
5.000119277836565651e-02
5.000101444864495093e-02
5.000086207384376452e-02
5.000073198642308869e-02
5.000062102031136574e-02
5.000052644483626157e-02
5.000044590699761343e-02
5.000037738107987462e-02
5.000031912471597506e-02
5.000026964061520668e-02
5.000022764325885716e-02
5.000019202994769596e-02
5.000016185565833715e-02
5.000013631122883495e-02
5.000011470445182848e-02
5.000009644370397022e-02
5.000008102378534353e-02
5.000006801368283432e-02
5.000005704600631040e-02
5.000004780787805497e-02
5.000004003308306660e-02
5.000003349531257496e-02
5.000002800235398698e-02
5.000002339109967109e-02
5.000001952326341842e-02
5.000001628170759604e-02
5.000001356729715657e-02
5.000001129620746526e-02
5.000000939762280772e-02
5.000000781177051795e-02
5.000000648824369509e-02
5.000000538457129162e-02
5.000000446500042772e-02
5.000000369946028256e-02
5.000000306268138212e-02
5.000000253344772522e-02
5.000000209396227718e-02
5.000000172930912923e-02
5.000000142699805722e-02
5.000000117657926041e-02
5.000000096931773302e-02
5.000000079791819263e-02
5.000000065629321699e-02
5.000000053936764360e-02
5.000000044291395135e-02
5.000000036341380877e-02
5.000000029794158390e-02
5.000000024406670018e-02
5.000000019977157706e-02
5.000000016338292108e-02
5.000000013351418165e-02
5.000000010901742981e-02
5.000000008894308484e-02
5.000000007250635092e-02
5.000000005905917699e-02
5.000000004806689352e-02
5.000000003908874197e-02
5.000000003176172797e-02
5.000000002578710440e-02
5.000000002091927603e-02
5.000000001695648066e-02
5.000000001373308689e-02
5.000000001111328668e-02
5.000000000898583569e-02
5.000000000725959848e-02
5.000000000586005133e-02
5.000000000472633321e-02
5.000000000380868531e-02
5.000000000306654285e-02
5.000000000246681425e-02
5.000000000198259048e-02
5.000000000159193075e-02
5.000000000127700905e-02
5.000000000102336473e-02
5.000000000081922941e-02
5.000000000065507599e-02
5.000000000052318844e-02
5.000000000041730785e-02
5.000000000033238273e-02
5.000000000026433300e-02
5.000000000020982105e-02
5.000000000016620316e-02
5.000000000013132134e-02
5.000000000010346862e-02
5.000000000008122253e-02
5.000000000006349365e-02
5.000000000004933831e-02
5.000000000003810424e-02
5.000000000002914613e-02
5.000000000002204070e-02
5.000000000001639244e-02
5.000000000001190298e-02
5.000000000000832945e-02
5.000000000000551920e-02
5.000000000000328487e-02
5.000000000000151545e-02
5.000000000000012074e-02
4.999999999999903133e-02
4.999999999999815703e-02
4.999999999999748396e-02
4.999999999999693578e-02
4.999999999999652639e-02
4.999999999999619332e-02
4.999999999999595740e-02
4.999999999999577699e-02
4.999999999999563127e-02
4.999999999999552719e-02
4.999999999999544392e-02
4.999999999999538841e-02
4.999999999999533290e-02
4.999999999999529127e-02
4.999999999999524963e-02
4.999999999999522188e-02
4.999999999999520106e-02
4.999999999999519412e-02
4.999999999999519412e-02
4.999999999999519412e-02
4.999999999999519412e-02
4.999999999999519412e-02
4.999999999999520800e-02
