5.000000000000000278e-02
4.999999999999999584e-02
4.999999999999998196e-02
4.999999999999997502e-02
4.999999999999996114e-02
4.999999999999995420e-02
4.999999999999995420e-02
4.999999999999995420e-02
4.999999999999995420e-02
4.999999999999994033e-02
4.999999999999994033e-02
4.999999999999994033e-02
4.999999999999994033e-02
4.999999999999993339e-02
4.999999999999995420e-02
4.999999999999994726e-02
4.999999999999994726e-02
4.999999999999994033e-02
4.999999999999994726e-02
4.999999999999994033e-02
4.999999999999994726e-02
4.999999999999994033e-02
4.999999999999994726e-02
4.999999999999994033e-02
4.999999999999992645e-02
4.999999999999991951e-02
4.999999999999991951e-02
4.999999999999991257e-02
4.999999999999990563e-02
4.999999999999989175e-02
4.999999999999989869e-02
4.999999999999989175e-02
4.999999999999988481e-02
4.999999999999987788e-02
4.999999999999988481e-02
4.999999999999988481e-02
4.999999999999988481e-02
4.999999999999988481e-02
4.999999999999989175e-02
4.999999999999989175e-02
4.999999999999989175e-02
4.999999999999988481e-02
4.999999999999987788e-02
4.999999999999987788e-02
4.999999999999987788e-02
4.999999999999986400e-02
4.999999999999985706e-02
4.999999999999985012e-02
4.999999999999983624e-02
4.999999999999982930e-02
4.999999999999982930e-02
4.999999999999982930e-02
4.999999999999981543e-02
4.999999999999982236e-02
4.999999999999981543e-02
4.999999999999981543e-02
4.999999999999982236e-02
4.999999999999982236e-02
4.999999999999982930e-02
4.999999999999984318e-02
4.999999999999985012e-02
4.999999999999986400e-02
4.999999999999989175e-02
4.999999999999994033e-02
5.000000000000000278e-02
5.000000000000009298e-02
5.000000000000022482e-02
5.000000000000040523e-02
5.000000000000066891e-02
5.000000000000100892e-02
5.000000000000150852e-02
5.000000000000216771e-02
5.000000000000305589e-02
5.000000000000427020e-02
5.000000000000588002e-02
5.000000000000802414e-02
5.000000000001086908e-02
5.000000000001462303e-02
5.000000000001954964e-02
5.000000000002596118e-02
5.000000000003430867e-02
5.000000000004511252e-02
5.000000000005903195e-02
5.000000000007691348e-02
5.000000000009977019e-02
5.000000000012887191e-02
5.000000000016577295e-02
5.000000000021240926e-02
5.000000000027113312e-02
5.000000000034478254e-02
5.000000000043686860e-02
5.000000000055158933e-02
5.000000000069401707e-02
5.000000000087028579e-02
5.000000000108773685e-02
5.000000000135515488e-02
5.000000000168301761e-02
5.000000000208377343e-02
5.000000000257217442e-02
5.000000000316567189e-02
5.000000000388486743e-02
5.000000000475399858e-02
5.000000000580145931e-02
5.000000000706052855e-02
5.000000000857000165e-02
5.000000001037510633e-02
5.000000001252835613e-02
5.000000001509062597e-02
5.000000001813231787e-02
5.000000002173465158e-02
5.000000002599116339e-02
5.000000003100928819e-02
5.000000003691221218e-02
5.000000004384083652e-02
5.000000005195608110e-02
5.000000006144127845e-02
5.000000007250493539e-02
5.000000008538375840e-02
5.000000010034587328e-02
5.000000011769451663e-02
5.000000013777201879e-02
5.000000016096411981e-02
5.000000018770472260e-02
5.000000021848107629e-02
5.000000025383944530e-02
5.000000029439119476e-02
5.000000034081952122e-02
5.000000039388658585e-02
5.000000045444139701e-02
5.000000052342820633e-02
5.000000060189561946e-02
5.000000069100645622e-02
5.000000079204825615e-02
5.000000090644463047e-02
5.000000103576750926e-02
5.000000118175008251e-02
5.000000134630083054e-02
5.000000153151845650e-02
5.000000173970779727e-02
5.000000197339684455e-02
5.000000223535481375e-02
5.000000252861140637e-02
5.000000285647725196e-02
5.000000322256561991e-02
5.000000363081539417e-02
5.000000408551548425e-02
5.000000459133052688e-02
5.000000515332809342e-02
5.000000577700746546e-02
5.000000646832986062e-02
5.000000723375034456e-02
5.000000808025133886e-02
5.000000901537789838e-02
5.000001004727473719e-02
5.000001118472505168e-02
5.000001243719118249e-02
5.000001381485728175e-02
5.000001532867379139e-02
5.000001699040409336e-02
5.000001881267307491e-02
5.000002080901788659e-02
5.000002299394077504e-02
5.000002538296413612e-02
5.000002799268786491e-02
5.000003084084882893e-02
5.000003394638272841e-02
5.000003732948837126e-02
5.000004101169418236e-02
5.000004501592721085e-02
5.000004936658466320e-02
5.000005408960767755e-02
5.000005921255786662e-02
5.000006476469622679e-02
5.000007077706464936e-02
5.000007728257001294e-02
5.000008431607085718e-02
5.000009191446665169e-02
5.000010011678972938e-02
5.000010896429980811e-02
5.000011850058126012e-02
5.000012877164284469e-02
5.000013982602028589e-02
5.000015171488139676e-02
5.000016449213390973e-02
5.000017821453597855e-02
5.000019294180923363e-02
5.000020873675452976e-02
5.000022566537043467e-02
5.000024379697406290e-02
5.000026320432476162e-02
5.000028396375025969e-02
5.000030615527528005e-02
5.000032986275287222e-02
5.000035517399811086e-02
5.000038218092425074e-02
5.000041097968135201e-02
5.000044167079738949e-02
5.000047435932149231e-02
5.000050915496970921e-02
5.000054617227299436e-02
5.000058553072731643e-02
5.000062735494611305e-02
5.000067177481475056e-02
5.000071892564705855e-02
5.000076894834394603e-02
5.000082198955397433e-02
5.000087820183573423e-02
5.000093774382217277e-02
5.000100078038665491e-02
5.000106748281068353e-02
5.000113802895334719e-02
5.000121260342228063e-02
5.000129139774611708e-02
5.000137461054839777e-02
5.000146244772286225e-02
5.000155512260987672e-02
5.000165285617425015e-02
5.000175587718400788e-02
5.000186442239029638e-02
5.000197873670821080e-02
5.000209907339844828e-02
5.000222569424987717e-02
5.000235886976266836e-02
5.000249887933212734e-02
5.000264601143301901e-02
5.000280056380441290e-02
5.000296284363470872e-02
5.000313316774716854e-02
5.000331186278540729e-02
5.000349926539910533e-02
5.000369572242970018e-02
5.000390159109585619e-02
5.000411723917899676e-02
5.000434304520832290e-02
5.000457939864558915e-02
5.000482670006938662e-02
5.000508536135891968e-02
5.000535580587704698e-02
5.000563846865272583e-02
5.000593379656251974e-02
5.000624224851127342e-02
5.000656429561172595e-02
5.000690042136309715e-02
5.000725112182841103e-02
5.000761690581068120e-02
5.000799829502756977e-02
5.000839582428477648e-02
5.000881004164776933e-02
5.000924150861197487e-02
5.000969080027124758e-02
5.001015850548452824e-02
5.001064522704067733e-02
5.001115158182131704e-02
5.001167820096167477e-02
5.001222573000931731e-02
5.001279482908067842e-02
5.001338617301524098e-02
5.001400045152758905e-02
5.001463836935677448e-02
5.001530064641333123e-02
5.001598801792375704e-02
5.001670123457217093e-02
5.001744106263945888e-02
5.001820828413949815e-02
5.001900369695257142e-02
5.001982811495585962e-02
5.002068236815092328e-02
5.002156730278817937e-02
5.002248378148816538e-02
5.002343268335972953e-02
5.002441490411488334e-02
5.002543135618045533e-02
5.002648296880628925e-02
5.002757068817004910e-02
5.002869547747864493e-02
5.002985831706595332e-02
5.003106020448713775e-02
5.003230215460921504e-02
5.003358519969802742e-02
5.003491038950143299e-02
5.003627879132875600e-02
5.003769149012635836e-02
5.003914958854945028e-02
5.004065420702989014e-02
5.004220648384010567e-02
5.004380757515297651e-02
5.004545865509773400e-02
5.004716091581182941e-02
5.004891556748858328e-02
5.005072383842081724e-02
5.005258697504025994e-02
5.005450624195284526e-02
5.005648292196961807e-02
5.005851831613356701e-02
5.006061374374207174e-02
5.006277054236506902e-02
5.006499006785887496e-02
5.006727369437564967e-02
5.006962281436855983e-02
5.007203883859241700e-02
5.007452319609998620e-02
5.007707733423384655e-02
5.007970271861378331e-02
5.008240083311973206e-02
5.008517317987021961e-02
5.008802127919633612e-02
5.009094666961121101e-02
5.009395090777492981e-02
5.009703556845491318e-02
5.010020224448188259e-02
5.010345254670115628e-02
5.010678810391944182e-02
5.011021056284713227e-02
5.011372158803596710e-02
5.011732286181220380e-02
5.012101608420518883e-02
5.012480297287137676e-02
5.012868526301388766e-02
5.013266470729735302e-02
5.013674307575834849e-02
5.014092215571123307e-02
5.014520375164947114e-02
5.014958968514236087e-02
5.015408179472732875e-02
5.015868193579770679e-02
5.016339198048591630e-02
5.016821381754223846e-02
5.017314935220911626e-02
5.017820050609094612e-02
5.018336921701944953e-02
5.018865743891456899e-02
5.019406714164102723e-02
5.019960031086042468e-02
5.020525894787893073e-02
5.021104506949069374e-02
5.021696070781686561e-02
5.022300791014024102e-02
5.022918873873578882e-02
5.023550527069665234e-02
5.024195959775612508e-02
5.024855382610532439e-02
5.025529007620660460e-02
5.026217048260288311e-02
5.026919719372283796e-02
5.027637237168194190e-02
5.028369819207940267e-02
5.029117684379115494e-02
5.029881052875871672e-02
5.030660146177421549e-02
5.031455187026125098e-02
5.032266399405206647e-02
5.033094008516077189e-02
5.033938240755267413e-02
5.034799323690986039e-02
5.035677486039304152e-02
5.036572957639964127e-02
5.037485969431824973e-02
5.038416753427938516e-02
5.039365542690276561e-02
5.040332571304094456e-02
5.041318074351948397e-02
5.042322287887369969e-02
5.043345448908198581e-02
5.044387795329575291e-02
5.045449565956613980e-02
5.046531000456736665e-02
5.047632339331701440e-02
5.048753823889302189e-02
5.049895696214767860e-02
5.051058199141856414e-02
5.052241576223646252e-02
5.053446071703036890e-02
5.054671930482963760e-02
5.055919398096331979e-02
5.057188720675671878e-02
5.058480144922527372e-02
5.059793918076580660e-02
5.061130287884516021e-02
5.062489502568648381e-02
5.063871810795281259e-02
5.065277461642855861e-02
5.066706704569843428e-02
5.068159789382433583e-02
5.069636966201993694e-02
5.071138485432322152e-02
5.072664597726690011e-02
5.074215553954701530e-02
5.075791605168950699e-02
5.077393002571499447e-02
5.079019997480187232e-02
5.080672841294761599e-02
5.082351785462864424e-02
5.084057081445846060e-02
5.085788980684453203e-02
5.087547734564364793e-02
5.089333594381616893e-02
5.091146811307878384e-02
5.092987636355642694e-02
5.094856320343298106e-02
5.096753113860100909e-02
5.098678267231064598e-02
5.100632030481765805e-02
5.102614653303076675e-02
5.104626385015838957e-02
5.106667474535469403e-02
5.108738170336531853e-02
5.110838720417269082e-02
5.112969372264089540e-02
5.115130372816056870e-02
5.117321968429339868e-02
5.119544404841682578e-02
5.121797927136862577e-02
5.124082779709175639e-02
5.126399206227930799e-02
5.128747449601981506e-02
5.131127751944301180e-02
5.133540354536605954e-02
5.135985497794032240e-02
5.138463421229885753e-02
5.140974363420465487e-02
5.143518561969973035e-02
5.146096253475516968e-02
5.148707673492216447e-02
5.151353056498426952e-02
5.154032635861082595e-02
5.156746643801163321e-02
5.159495311359312691e-02
5.162278868361600687e-02
5.165097543385439860e-02
5.167951563725676351e-02
5.170841155360847430e-02
5.173766542919641664e-02
5.176727949647529775e-02
5.179725597373614071e-02
5.182759706477694378e-02
5.185830495857535194e-02
5.188938182896384727e-02
5.192082983430713894e-02
5.195265111718214146e-02
5.198484780406051331e-02
5.201742200499379770e-02
5.205037581330126256e-02
5.208371130526059933e-02
5.211743053980160550e-02
5.215153555820267045e-02
5.218602838379047398e-02
5.222091102164280740e-02
5.225618545829455175e-02
5.229185366144704222e-02
5.232791757968077023e-02
5.236437914217163814e-02
5.240124025841061406e-02
5.243850281792714757e-02
5.247616869001620055e-02
5.251423972346903890e-02
5.255271774630792397e-02
5.259160456552471052e-02
5.263090196682329580e-02
5.267061171436637074e-02
5.271073555052599446e-02
5.275127519563858197e-02
5.279223234776406898e-02
5.283360868244932340e-02
5.287540585249599773e-02
5.291762548773284308e-02
5.296026919479241563e-02
5.300333855689242507e-02
5.304683513362167674e-02
5.309076046073053778e-02
5.313511604992637166e-02
5.317990338867348982e-02
5.322512393999802999e-02
5.327077914229768479e-02
5.331687040915630837e-02
5.336339912916347739e-02
5.341036666573904107e-02
5.345777435696269508e-02
5.350562351540864847e-02
5.355391542798531440e-02
5.360265135578021894e-02
5.365183253391007240e-02
5.370146017137598926e-02
5.375153545092392626e-02
5.380205952891044252e-02
5.385303353517369163e-02
5.390445857290972892e-02
5.395633571855411315e-02
5.400866602166890657e-02
5.406145050483492781e-02
5.411469016354950728e-02
5.416838596612950224e-02
5.422253885361979359e-02
5.427714973970716728e-02
5.433221951063951782e-02
5.438774902515062376e-02
5.444373911439018277e-02
5.450019058185940485e-02
5.455710420335186522e-02
5.461448072689992217e-02
5.467232087272642926e-02
5.473062533320192241e-02
5.478939477280713594e-02
5.484862982810093102e-02
5.490833110769360870e-02
5.496849919222552422e-02
5.502913463435102348e-02
5.509023795872782653e-02
5.515180966201148338e-02
5.521385021285532546e-02
5.527636005191550322e-02
5.533933959186129736e-02
5.540278921739066192e-02
5.546670928525085364e-02
5.553110012426425851e-02
5.559596203535921433e-02
5.566129529160609296e-02
5.572710013825815656e-02
5.579337679279757628e-02
5.586012544498634991e-02
5.592734625692207667e-02
5.599503936309867258e-02
5.606320487047185275e-02
5.613184285852936689e-02
5.620095337936600877e-02
5.627053645776326080e-02
5.634059209127360163e-02
5.641112025030933785e-02
5.648212087823595295e-02
5.655359389146995264e-02
5.662553917958115107e-02
5.669795660539918292e-02
5.677084600512446316e-02
5.684420718844324094e-02
5.691803993864690686e-02
5.699234401275548451e-02
5.706711914164491056e-02
5.714236503017858931e-02
5.721808135734275658e-02
5.729426777638563922e-02
5.737092391496047272e-02
5.744804937527227262e-02
5.752564373422815180e-02
5.760370654359134313e-02
5.768223733013867066e-02
5.776123559582146960e-02
5.784070081792996865e-02
5.792063244926079491e-02
5.800102991828796906e-02
5.808189262933675934e-02
5.816321996276101192e-02
5.824501127512304172e-02
5.832726589937686779e-02
5.840998314505411321e-02
5.849316229845273607e-02
5.857680262282848049e-02
5.866090335858906157e-02
5.874546372349075812e-02
5.883048291283764220e-02
5.891596009968321640e-02
5.900189443503436881e-02
5.908828504805754833e-02
5.917513104628727150e-02
5.926243151583665547e-02
5.935018552161000494e-02
5.943839210751748064e-02
5.952705029669148884e-02
5.961615909170505517e-02
5.970571747479187785e-02
5.979572440806809469e-02
5.988617883375558365e-02
5.997707967440690097e-02
6.006842583313162787e-02
6.016021619382405650e-02
6.025244962139229138e-02
6.034512496198846804e-02
6.043824104324026225e-02
6.053179667448346096e-02
6.062579064699553238e-02
6.072022173423014674e-02
6.081508869205266149e-02
6.091039025897637682e-02
6.100612515639956129e-02
6.110229208884313673e-02
6.119888974418902922e-02
6.129591679391904746e-02
6.139337189335424688e-02
6.149125368189475166e-02
6.158956078325988903e-02
6.168829180572862891e-02
6.178744534238034269e-02
6.188701997133561755e-02
6.198701425599717485e-02
6.208742674529105915e-02
6.218825597390752885e-02
6.228950046254207867e-02
6.239115871813623315e-02
6.249322923411827768e-02
6.259571049064360793e-02
6.269860095483489881e-02
6.280189908102193352e-02
6.290560331098095370e-02
6.300971207417364883e-02
6.311422378798554889e-02
6.321913685796400062e-02
6.332444967805540836e-02
6.343016063084191969e-02
6.353626808777744495e-02
6.364277040942274699e-02
6.374966594567998968e-02
6.385695303602630102e-02
6.396463000974650370e-02
6.407269518616494353e-02
6.418114687487636028e-02
6.428998337597569002e-02
6.439920298028693757e-02
6.450880396959092489e-02
6.461878461685184594e-02
6.472914318644283627e-02
6.483987793437018254e-02
6.495098710849647738e-02
6.506246894876227538e-02
6.517432168740681930e-02
6.528654354918707325e-02
6.539913275159563166e-02
6.551208750507721279e-02
6.562540601324365341e-02
6.573908647308761288e-02
6.585312707519461184e-02
6.596752600395376642e-02
6.608228143776689878e-02
6.619739154925616265e-02
6.631285450547000360e-02
6.642866846808767600e-02
6.654483159362206690e-02
6.666134203362077126e-02
6.677819793486580724e-02
6.689539743957138851e-02
6.701293868558015621e-02
6.713081980655756509e-02
6.724903893218478479e-02
6.736759418834961655e-02
6.748648369733570296e-02
6.760570557801014180e-02
6.772525794600914306e-02
6.784513891392188190e-02
6.796534659147275559e-02
6.808587908570142011e-02
6.820673450114146663e-02
6.832791093999691923e-02
6.844940650231712276e-02
6.857121928616956297e-02
6.869334738781085470e-02
6.881578890185609254e-02
6.893854192144600879e-02
6.906160453841256319e-02
6.918497484344222903e-02
6.930865092623784973e-02
6.943263087567830283e-02
6.955691277997634592e-02
6.968149472683464463e-02
6.980637480359963565e-02
6.993155109741386322e-02
7.005702169536615065e-02
7.018278468463992614e-02
7.030883815265960568e-02
7.043518018723526897e-02
7.056180887670514268e-02
7.068872231007639062e-02
7.081591857716390548e-02
7.094339576872732422e-02
7.107115197660601735e-02
7.119918529385226014e-02
7.132749381486255813e-02
7.145607563550691876e-02
7.158492885325655475e-02
7.171405156730945030e-02
7.184344187871408161e-02
7.197309789049155526e-02
7.210301770775556784e-02
7.223319943783076957e-02
7.236364119036906017e-02
7.249434107746435818e-02
7.262529721376526082e-02
7.275650771658605243e-02
7.288797070601596428e-02
7.301968430502647767e-02
7.315164663957703095e-02
7.328385583871868669e-02
7.341631003469643868e-02
7.354900736304938180e-02
7.368194596270935537e-02
7.381512397609781007e-02
7.394853954922100958e-02
7.408219083176335873e-02
7.421607597717928828e-02
7.435019314278316915e-02
7.448454048983783882e-02
7.461911618364128196e-02
7.475391839361167357e-02
7.488894529337089545e-02
7.502419506082635969e-02
7.515966587825122225e-02
7.529535593236297286e-02
7.543126341440054006e-02
7.556738652019970304e-02
7.570372345026707417e-02
7.584027240985244389e-02
7.597703160901964070e-02
7.611399926271586458e-02
7.625117359083946611e-02
7.638855281830637944e-02
7.652613517511491770e-02
7.666391889640920831e-02
7.680190222254118515e-02
7.694008339913102623e-02
7.707846067712641192e-02
7.721703231286007607e-02
7.735579656810627480e-02
7.749475171013556207e-02
7.763389601176858001e-02
7.777322775142814226e-02
7.791274521319030422e-02
7.805244668683375409e-02
7.819233046788821861e-02
7.833239485768157817e-02
7.847263816338541365e-02
7.861305869805952640e-02
7.875365478069525083e-02
7.889442473625737917e-02
7.903536689572494833e-02
7.917647959613087483e-02
7.931776118060027136e-02
7.945920999838775034e-02
7.960082440491343669e-02
7.974260276179795381e-02
7.988454343689616044e-02
8.002664480432990224e-02
8.016890524451955602e-02
8.031132314421447760e-02
8.045389689652253373e-02
8.059662490093835729e-02
8.073950556337076978e-02
8.088253729616902421e-02
8.102571851814799331e-02
8.116904765461264992e-02
8.131252313738115967e-02
8.145614340480726578e-02
8.159990690180164707e-02
8.174381207985237374e-02
8.188785739704421140e-02
8.203204131807738386e-02
8.217636231428504523e-02
8.232081886365011369e-02
8.246540945082110607e-02
8.261013256712711195e-02
8.275498671059197675e-02
8.289997038594761058e-02
8.304508210464635332e-02
8.319032038487274294e-02
8.333568375155435415e-02
8.348117073637180419e-02
8.362677987776800936e-02
8.377250972095683090e-02
8.391835881793070773e-02
8.406432572746767862e-02
8.421040901513772436e-02
8.435660725330837439e-02
8.450291902114938358e-02
8.464934290463706212e-02
8.479587749655773110e-02
8.494252139651044253e-02
8.508927321090921370e-02
8.523613155298448429e-02
8.538309504278393525e-02
8.553016230717286339e-02
8.567733197983361249e-02
8.582460270126468505e-02
8.597197311877924353e-02
8.611944188650280663e-02
8.626700766537051535e-02
8.641466912312395499e-02
8.656242493430715834e-02
8.671027378026220644e-02
8.685821434912449623e-02
8.700624533581696740e-02
8.715436544204439862e-02
8.730257337628689884e-02
8.745086785379276029e-02
8.759924759657122806e-02
8.774771133338449269e-02
8.789625779973930797e-02
8.804488573787815076e-02
8.819359389676997840e-02
8.834238103210050042e-02
8.849124590626193665e-02
8.864018728834251182e-02
8.878920395411556143e-02
8.893829468602799937e-02
8.908745827318852173e-02
8.923669351135564420e-02
8.938599920292494838e-02
8.953537415691627255e-02
8.968481718896040289e-02
8.983432712128554265e-02
8.998390278270324005e-02
9.013354300859409418e-02
9.028324664089322493e-02
9.043301252807518786e-02
9.058283952513881965e-02
9.073272649359150066e-02
9.088267230143347308e-02
9.103267582314143735e-02
9.118273593965230128e-02
9.133285153834633241e-02
9.148302151303018548e-02
9.163324476391958295e-02
9.178352019762181513e-02
9.193384672711799044e-02
9.208422327174502209e-02
9.223464875717725386e-02
9.238512211540805819e-02
9.253564228473110109e-02
9.268620820972131580e-02
9.283681884121583461e-02
9.298747313629457389e-02
9.313817005826061091e-02
9.328890857662053282e-02
9.343968766706431395e-02
9.359050631144535948e-02
9.374136349776002186e-02
9.389225822012718659e-02
9.404318947876753876e-02
9.419415627998282969e-02
9.434515763613478267e-02
9.449619256562406810e-02
9.464726009286893171e-02
9.479835924828375338e-02
9.494948906825746715e-02
9.510064859513188418e-02
9.525183687717977965e-02
9.540305296858304918e-02
9.555429592941057371e-02
9.570556482559589018e-02
9.585685872891508419e-02
9.600817671696426636e-02
9.615951787313707644e-02
9.631088128660214576e-02
9.646226605228022666e-02
9.661367127082146067e-02
9.676509604858259117e-02
9.691653949760395403e-02
9.706800073558630171e-02
9.721947888586776609e-02
9.737097307740068264e-02
9.752248244472827565e-02
9.767400612796141302e-02
9.782554327275509720e-02
9.797709303028520611e-02
9.812865455722484531e-02
9.828022701572086683e-02
9.843180957337033243e-02
9.858340140319675482e-02
9.873500168362657481e-02
9.888660959846540255e-02
9.903822433687417548e-02
9.918984509334551058e-02
9.934147106767982072e-02
9.949310146496151419e-02
9.964473549553518050e-02
9.979637237498159563e-02
9.994801132409397715e-02
1.000996515688539479e-01
1.002512923404078743e-01
1.004029328750426497e-01
1.005545724141619635e-01
1.007062102042623336e-01
1.008578454969091265e-01
1.010094775487126589e-01
1.011611056213042870e-01
1.013127289813124388e-01
1.014643469003387172e-01
1.016159586549340160e-01
1.017675635265745532e-01
1.019191608016380701e-01
1.020707497713799206e-01
1.022223297319092283e-01
1.023738999841651148e-01
1.025254598338928708e-01
1.026770085916201836e-01
1.028285455726334063e-01
1.029800700969537991e-01
1.031315814893138394e-01
1.032830790791335329e-01
1.034345622004968906e-01
1.035860301921281285e-01
1.037374823973682830e-01
1.038889181641516196e-01
1.040403368449820815e-01
1.041917377969099612e-01
1.043431203815085168e-01
1.044944839648504487e-01
1.046458279174847378e-01
1.047971516144133863e-01
1.049484544350681586e-01
1.050997357632873497e-01
1.052509949872928036e-01
1.054022314996667098e-01
1.055534446973286217e-01
1.057046339815124886e-01
1.058557987577438825e-01
1.060069384358168360e-01
1.061580524297713185e-01
1.063091401578704770e-01
1.064602010425778345e-01
1.066112345105347664e-01
1.067622399925380050e-01
1.069132169235169627e-01
1.070641647425115556e-01
1.072150828926496519e-01
1.073659708211248537e-01
1.075168279791741677e-01
1.076676538220559670e-01
1.078184478090277454e-01
1.079692094033241484e-01
1.081199380721350745e-01
1.082706332865837201e-01
1.084212945217046531e-01
1.085719212564222741e-01
1.087225129735290424e-01
1.088730691596638267e-01
1.090235893052904914e-01
1.091740729046762892e-01
1.093245194558706002e-01
1.094749284606835599e-01
1.096252994246648543e-01
1.097756318570824591e-01
1.099259252709016976e-01
1.100761791827640224e-01
1.102263931129663088e-01
1.103765665854398725e-01
1.105266991277297634e-01
1.106767902709739904e-01
1.108268395498830522e-01
1.109768465027192452e-01
1.111268106712763049e-01
1.112767316008590884e-01
1.114266088402630639e-01
1.115764419417543535e-01
1.117262304610494306e-01
1.118759739572950385e-01
1.120256719930482758e-01
1.121753241342567098e-01
1.123249299502386001e-01
1.124744890136630954e-01
1.126240009005305548e-01
1.127734651901531882e-01
1.129228814651354468e-01
1.130722493113546223e-01
1.132215683179416260e-01
1.133708380772616986e-01
1.135200581848952589e-01
1.136692282396188775e-01
1.138183478433862639e-01
1.139674166013093515e-01
1.141164341216396177e-01
1.142654000157490995e-01
1.144143138981120328e-01
1.145631753862861590e-01
1.147119841008942542e-01
1.148607396656057822e-01
1.150094417071186315e-01
1.151580898551408383e-01
1.153066837423724761e-01
1.154552230044878225e-01
1.156037072801169019e-01
1.157521362108280688e-01
1.159005094411099945e-01
1.160488266183540146e-01
1.161970873928363929e-01
1.163452914177009051e-01
1.164934383489414083e-01
1.166415278453843407e-01
1.167895595686714305e-01
1.169375331832427367e-01
1.170854483563193299e-01
1.172333047578862641e-01
1.173811020606757433e-01
1.175288399401501205e-01
1.176765180744852868e-01
1.178241361445537538e-01
1.179716938339081950e-01
1.181191908287648473e-01
1.182666268179870112e-01
1.184140014930687018e-01
1.185613145481184821e-01
1.187085656798430866e-01
1.188557545875314758e-01
1.190028809730387244e-01
1.191499445407700891e-01
1.192969449976651608e-01
1.194438820531820433e-01
1.195907554192816857e-01
1.197375648104122559e-01
1.198843099434935000e-01
1.200309905379014358e-01
1.201776063154527674e-01
1.203241570003897171e-01
1.204706423193648013e-01
1.206170620014256206e-01
1.207634157779998302e-01
1.209097033828802070e-01
1.210559245522098287e-01
1.212020790244670437e-01
1.213481665404510662e-01
1.214941868432668631e-01
1.216401396783110406e-01
1.217860247932570916e-01
1.219318419380409080e-01
1.220775908648465552e-01
1.222232713280919647e-01
1.223688830844147646e-01
1.225144258926580410e-01
1.226598995138564741e-01
1.228053037112222384e-01
1.229506382501312500e-01
1.230959028981093439e-01
1.232410974248185215e-01
1.233862216020432945e-01
1.235312752036771267e-01
1.236762580057089722e-01
1.238211697862097310e-01
1.239660103253190232e-01
1.241107794052317692e-01
1.242554768101851309e-01
1.244001023264451472e-01
1.245446557422939249e-01
1.246891368480165102e-01
1.248335454358880797e-01
1.249778813001609784e-01
1.251221442370521741e-01
1.252663340447304763e-01
1.254104505233038236e-01
1.255544934748068220e-01
1.256984627031882684e-01
1.258423580142987719e-01
1.259861792158783467e-01
1.261299261175441722e-01
1.262735985307783249e-01
1.264171962689158157e-01
1.265607191471322945e-01
1.267041669824322259e-01
1.268475395936371208e-01
1.269908368013733801e-01
1.271340584280607477e-01
1.272772042979005702e-01
1.274202742368641117e-01
1.275632680726812018e-01
1.277061856348283286e-01
1.278490267545174530e-01
1.279917912646846290e-01
1.281344789999784850e-01
1.282770897967492607e-01
1.284196234930375102e-01
1.285620799285628058e-01
1.287044589447130516e-01
1.288467603845332154e-01
1.289889840927145592e-01
1.291311299155838976e-01
1.292731977010926347e-01
1.294151872988061613e-01
1.295570985598930303e-01
1.296989313371146868e-01
1.298406854848146164e-01
1.299823608589079083e-01
1.301239573168709585e-01
1.302654747177311167e-01
1.304069129220561674e-01
1.305482717919443925e-01
1.306895511910143304e-01
1.308307509843946170e-01
1.309718710387139384e-01
1.311129112220912052e-01
1.312538714041255605e-01
1.313947514558864715e-01
1.315355512499039869e-01
1.316762706601589950e-01
1.318169095620735087e-01
1.319574678325009798e-01
1.320979453497168055e-01
1.322383419934086701e-01
1.323786576446672469e-01
1.325188921859767610e-01
1.326590455012056080e-01
1.327991174755970560e-01
1.329391079957602528e-01
1.330790169496607056e-01
1.332188442266115380e-01
1.333585897172642198e-01
1.334982533135996019e-01
1.336378349089188677e-01
1.337773343978348461e-01
1.339167516762631294e-01
1.340560866414128305e-01
1.341953391917784788e-01
1.343345092271309438e-01
1.344735966485088863e-01
1.346126013582102376e-01
1.347515232597837065e-01
1.348903622580202855e-01
1.350291182589448136e-01
1.351677911698077328e-01
1.353063808990765948e-01
1.354448873564279565e-01
1.355833104527390809e-01
1.357216501000797770e-01
1.358599062117043232e-01
1.359980787020431958e-01
1.361361674866952420e-01
1.362741724824197698e-01
1.364120936071283874e-01
1.365499307798773987e-01
1.366876839208598649e-01
1.368253529513978883e-01
1.369629377939349246e-01
1.371004383720280106e-01
1.372378546103403540e-01
1.373751864346334783e-01
1.375124337717599787e-01
1.376495965496557228e-01
1.377866746973326062e-01
1.379236681448710866e-01
1.380605768234126896e-01
1.381974006651530695e-01
1.383341396033344606e-01
1.384707935722384320e-01
1.386073625071789772e-01
1.387438463444953252e-01
1.388802450215447792e-01
1.390165584766958062e-01
1.391527866493209586e-01
1.392889294797900190e-01
1.394249869094630334e-01
1.395609588806834556e-01
1.396968453367712359e-01
1.398326462220161603e-01
1.399683614816709942e-01
1.401039910619449880e-01
1.402395349099969657e-01
1.403749929739289970e-01
1.405103652027795413e-01
1.406456515465175083e-01
1.407808519560349858e-01
1.409159663831415776e-01
1.410509947805575204e-01
1.411859371019074660e-01
1.413207933017141815e-01
1.414555633353921926e-01
1.415902471592415113e-01
1.417248447304415293e-01
1.418593560070446902e-01
1.419937809479705493e-01
1.421281195129996122e-01
1.422623716627672008e-01
1.423965373587576799e-01
1.425306165632982958e-01
1.426646092395534304e-01
1.427985153515186345e-01
1.429323348640147706e-01
1.430660677426820182e-01
1.431997139539744335e-01
1.433332734651539819e-01
1.434667462442845987e-01
1.436001322602269425e-01
1.437334314826323733e-01
1.438666438819376225e-01
1.439997694293590480e-01
1.441328080968871661e-01
1.442657598572813227e-01
1.443986246840639476e-01
1.445314025515154754e-01
1.446640934346687390e-01
1.447966973093036125e-01
1.449292141519417931e-01
1.450616439398413615e-01
1.451939866509916466e-01
1.453262422641078688e-01
1.454584107586258945e-01
1.455904921146972675e-01
1.457224863131839077e-01
1.458543933356531153e-01
1.459862131643725747e-01
1.461179457823051642e-01
1.462495911731041542e-01
1.463811493211082670e-01
1.465126202113366249e-01
1.466440038294837545e-01
1.467753001619151176e-01
1.469065091956618108e-01
1.470376309184159014e-01
1.471686653185257376e-01
1.472996123849910355e-01
1.474304721074581603e-01
1.475612444762155750e-01
1.476919294821891215e-01
1.478225271169373578e-01
1.479530373726471171e-01
1.480834602421289004e-01
1.482137957188121857e-01
1.483440437967412373e-01
1.484742044705703590e-01
1.486042777355595090e-01
1.487342635875699426e-01
1.488641620230596041e-01
1.489939730390789085e-01
1.491236966332663838e-01
1.492533328038442020e-01
1.493828815496141271e-01
1.495123428699530466e-01
1.496417167648089463e-01
1.497710032346966647e-01
1.499002022806936452e-01
1.500293139044360791e-01
1.501583381081142976e-01
1.502872748944692194e-01
1.504161242667878817e-01
1.505448862288994993e-01
1.506735607851715231e-01
1.508021479405054488e-01
1.509306477003328761e-01
1.510590600706117614e-01
1.511873850578222545e-01
1.513156226689629513e-01
1.514437729115472031e-01
1.515718357935989524e-01
1.516998113236491252e-01
1.518276995107319671e-01
1.519555003643810465e-01
1.520832138946257017e-01
1.522108401119871834e-01
1.523383790274749072e-01
1.524658306525829843e-01
1.525931949992862802e-01
1.527204720800368343e-01
1.528476619077605292e-01
1.529747644958531216e-01
1.531017798581770506e-01
1.532287080090577180e-01
1.533555489632801305e-01
1.534823027360852632e-01
1.536089693431668957e-01
1.537355488006678650e-01
1.538620411251767905e-01
1.539884463337246323e-01
1.541147644437813324e-01
1.542409954732524013e-01
1.543671394404754760e-01
1.544931963642172112e-01
1.546191662636699493e-01
1.547450491584481391e-01
1.548708450685855609e-01
1.549965540145318843e-01
1.551221760171495601e-01
1.552477110977106001e-01
1.553731592778934134e-01
1.554985205797798642e-01
1.556237950258517744e-01
1.557489826389880372e-01
1.558740834424616473e-01
1.559990974599363700e-01
1.561240247154636052e-01
1.562488652334796946e-01
1.563736190388027303e-01
1.564982861566294181e-01
1.566228666125325242e-01
1.567473604324575442e-01
1.568717676427202889e-01
1.569960882700033311e-01
1.571203223413537853e-01
1.572444698841800881e-01
1.573685309262490839e-01
1.574925054956834714e-01
1.576163936209586391e-01
1.577401953308999738e-01
1.578639106546802229e-01
1.579875396218164696e-01
1.581110822621674683e-01
1.582345386059310910e-01
1.583579086836414407e-01
1.584811925261663257e-01
1.586043901647046228e-01
1.587275016307834186e-01
1.588505269562557332e-01
1.589734661732976340e-01
1.590963193144056542e-01
1.592190864123943228e-01
1.593417675003933887e-01
1.594643626118452950e-01
1.595868717805028203e-01
1.597092950404262190e-01
1.598316324259810572e-01
1.599538839718354644e-01
1.600760497129578297e-01
1.601981296846143876e-01
1.603201239223667751e-01
1.604420324620696725e-01
1.605638553398681667e-01
1.606855925921957806e-01
1.608072442557717807e-01
1.609288103675987902e-01
1.610502909649604852e-01
1.611716860854193190e-01
1.612929957668140790e-01
1.614142200472576116e-01
1.615353589651346011e-01
1.616564125590991274e-01
1.617773808680727510e-01
1.618982639312420146e-01
1.620190617880564177e-01
1.621397744782262229e-01
1.622604020417201254e-01
1.623809445187631428e-01
1.625014019498345341e-01
1.626217743756653844e-01
1.627420618372367456e-01
1.628622643757771937e-01
1.629823820327608030e-01
1.631024148499051751e-01
1.632223628691691908e-01
1.633422261327510672e-01
1.634620046830861928e-01
1.635816985628453790e-01
1.637013078149325285e-01
1.638208324824827755e-01
1.639402726088607376e-01
1.640596282376580450e-01
1.641788994126916756e-01
1.642980861780018453e-01
1.644171885778500375e-01
1.645362066567171710e-01
1.646551404593014079e-01
1.647739900305164318e-01
1.648927554154894781e-01
1.650114366595595017e-01
1.651300338082752894e-01
1.652485469073936841e-01
1.653669760028776969e-01
1.654853211408948144e-01
1.656035823678149166e-01
1.657217597302088341e-01
1.658398532748459608e-01
1.659578630486931439e-01
1.660757890989122687e-01
1.661936314728588437e-01
1.663113902180800574e-01
1.664290653823128352e-01
1.665466570134825908e-01
1.666641651597013385e-01
1.667815898692657228e-01
1.668989311906557693e-01
1.670161891725329140e-01
1.671333638637385044e-01
1.672504553132922178e-01
1.673674635703900904e-01
1.674843886844031293e-01
1.676012307048755090e-01
1.677179896815230165e-01
1.678346656642313861e-01
1.679512587030545234e-01
1.680677688482131449e-01
1.681841961500931681e-01
1.683005406592439634e-01
1.684168024263770491e-01
1.685329815023645650e-01
1.686490779382376071e-01
1.687650917851848675e-01
1.688810230945510527e-01
1.689968719178352730e-01
1.691126383066897110e-01
1.692283223129180114e-01
1.693439239884736158e-01
1.694594433854585414e-01
1.695748805561217709e-01
1.696902355528577544e-01
1.698055084282050764e-01
1.699206992348449574e-01
1.700358080256000326e-01
1.701508348534327419e-01
1.702657797714441645e-01
1.703806428328725198e-01
1.704954240910918351e-01
1.706101235996105581e-01
1.707247414120700857e-01
1.708392775822435428e-01
1.709537321640341445e-01
1.710681052114740031e-01
1.711823967787228784e-01
1.712966069200667074e-01
1.714107356899161605e-01
1.715247831428058645e-01
1.716387493333925429e-01
1.717526343164542668e-01
1.718664381468888447e-01
1.719801608797128234e-01
1.720938025700600449e-01
1.722073632731804527e-01
1.723208430444387873e-01
1.724342419393134762e-01
1.725475600133950238e-01
1.726607973223851233e-01
1.727739539220953247e-01
1.728870298684456464e-01
1.730000252174636877e-01
1.731129400252833239e-01
1.732257743481435686e-01
1.733385282423874629e-01
1.734512017644608828e-01
1.735637949709114836e-01
1.736763079183873959e-01
1.737887406636362819e-01
1.739010932635042250e-01
1.740133657749341201e-01
1.741255582549648406e-01
1.742376707607302677e-01
1.743497033494578186e-01
1.744616560784675585e-01
1.745735290051711464e-01
1.746853221870707795e-01
1.747970356817579451e-01
1.749086695469126707e-01
1.750202238403024135e-01
1.751316986197808956e-01
1.752430939432872703e-01
1.753544098688448738e-01
1.754656464545601979e-01
1.755768037586218633e-01
1.756878818392995922e-01
1.757988807549431265e-01
1.759098005639813112e-01
1.760206413249210122e-01
1.761314030963460064e-01
1.762420859369163706e-01
1.763526899053673436e-01
1.764632150605082994e-01
1.765736614612220812e-01
1.766840291664637519e-01
1.767943182352598452e-01
1.769045287267074218e-01
1.770146606999729033e-01
1.771247142142912401e-01
1.772346893289649394e-01
1.773445861033630666e-01
1.774544045969204398e-01
1.775641448691366309e-01
1.776738069795750219e-01
1.777833909878621665e-01
1.778928969536867077e-01
1.780023249367988225e-01
1.781116749970090563e-01
1.782209471941875178e-01
1.783301415882633245e-01
1.784392582392232141e-01
1.785482972071111285e-01
1.786572585520269929e-01
1.787661423341260492e-01
1.788749486136179123e-01
1.789836774507656547e-01
1.790923289058851120e-01
1.792009030393441338e-01
1.793093999115616677e-01
1.794178195830071210e-01
1.795261621141993891e-01
1.796344275657064116e-01
1.797426159981440896e-01
1.798507274721756199e-01
1.799587620485106620e-01
1.800667197879045889e-01
1.801746007511575987e-01
1.802824049991139377e-01
1.803901325926612342e-01
1.804977835927293883e-01
1.806053580602902942e-01
1.807128560563568409e-01
1.808202776419822466e-01
1.809276228782595308e-01
1.810348918263205709e-01
1.811420845473355745e-01
1.812492011025123306e-01
1.813562415530954319e-01
1.814632059603656367e-01
1.815700943856390914e-01
1.816769068902665263e-01
1.817836435356326164e-01
1.818903043831551769e-01
1.819968894942844417e-01
1.821033989305027578e-01
1.822098327533233919e-01
1.823161910242903916e-01
1.824224738049775307e-01
1.825286811569880874e-01
1.826348131419539556e-01
1.827408698215351179e-01
1.828468512574188964e-01
1.829527575113192861e-01
1.830585886449763722e-01
1.831643447201555530e-01
1.832700257986469849e-01
1.833756319422648329e-01
1.834811632128466596e-01
1.835866196722528154e-01
1.836920013823660491e-01
1.837973084050906758e-01
1.839025408023521324e-01
1.840076986360963673e-01
1.841127819682894795e-01
1.842177908609168024e-01
1.843227253759825435e-01
1.844275855755091176e-01
1.845323715215364813e-01
1.846370832761214942e-01
1.847417209013372807e-01
1.848462844592729803e-01
1.849507740120327481e-01
1.850551896217353387e-01
1.851595313505137175e-01
1.852637992605145334e-01
1.853679934138973973e-01
1.854721138728347707e-01
1.855761606995109392e-01
1.856801339561220399e-01
1.857840337048751178e-01
1.858878600079875432e-01
1.859916129276867336e-01
1.860952925262093216e-01
1.861988988658009325e-01
1.863024320087152408e-01
1.864058920172136646e-01
1.865092789535649220e-01
1.866125928800446421e-01
1.867158338589345323e-01
1.868190019525223511e-01
1.869220972231012690e-01
1.870251197329694803e-01
1.871280695444295372e-01
1.872309467197880162e-01
1.873337513213551020e-01
1.874364834114437550e-01
1.875391430523693781e-01
1.876417303064494280e-01
1.877442452360027492e-01
1.878466879033491854e-01
1.879490583708090801e-01
1.880513567007029985e-01
1.881535829553513117e-01
1.882557371970735582e-01
1.883578194881883328e-01
1.884598298910127867e-01
1.885617684678621564e-01
1.886636352810492079e-01
1.887654303928838206e-01
1.888671538656726268e-01
1.889688057617185390e-01
1.890703861433200295e-01
1.891718950727710735e-01
1.892733326123605397e-01
1.893746988243716622e-01
1.894759937710820130e-01
1.895772175147627248e-01
1.896783701176787129e-01
1.897794516420875932e-01
1.898804621502399870e-01
1.899814017043785774e-01
1.900822703667380820e-01
1.901830681995445305e-01
1.902837952650151820e-01
1.903844516253576924e-01
1.904850373427698917e-01
1.905855524794395350e-01
1.906859970975436636e-01
1.907863712592485217e-01
1.908866750267089185e-01
1.909869084620682000e-01
1.910870716274578329e-01
1.911871645849970436e-01
1.912871873967925962e-01
1.913871401249381266e-01
1.914870228315140588e-01
1.915868355785874111e-01
1.916865784282107410e-01
1.917862514424222287e-01
1.918858546832452328e-01
1.919853882126880962e-01
1.920848520927433412e-01
1.921842463853876692e-01
1.922835711525819613e-01
1.923828264562704449e-01
1.924820123583806941e-01
1.925811289208233523e-01
1.926801762054917433e-01
1.927791542742616215e-01
1.928780631889907837e-01
1.929769030115187911e-01
1.930756738036664144e-01
1.931743756272354950e-01
1.932730085440083900e-01
1.933715726157478609e-01
1.934700679041966298e-01
1.935684944710773514e-01
1.936668523780918916e-01
1.937651416869216325e-01
1.938633624592268900e-01
1.939615147566466635e-01
1.940595986407984697e-01
1.941576141732780925e-01
1.942555614156589727e-01
1.943534404294923468e-01
1.944512512763066081e-01
1.945489940176070021e-01
1.946466687148752095e-01
1.947442754295693745e-01
1.948418142231237438e-01
1.949392851569480833e-01
1.950366882924280121e-01
1.951340236909243631e-01
1.952312914137731836e-01
1.953284915222854579e-01
1.954256240777468290e-01
1.955226891414172663e-01
1.956196867745310930e-01
1.957166170382962089e-01
1.958134799938941739e-01
1.959102757024797914e-01
1.960070042251807199e-01
1.961036656230973618e-01
1.962002599573025585e-01
1.962967872888414511e-01
1.963932476787312031e-01
1.964896411879609173e-01
1.965859678774913577e-01
1.966822278082548392e-01
1.967784210411549217e-01
1.968745476370662439e-01
1.969706076568341901e-01
1.970666011612746682e-01
1.971625282111736654e-01
1.972583888672874430e-01
1.973541831903416477e-01
1.974499112410315615e-01
1.975455730800218246e-01
1.976411687679459905e-01
1.977366983654065269e-01
1.978321619329749814e-01
1.979275595311912606e-01
1.980228912205637959e-01
1.981181570615693777e-01
1.982133571146526829e-01
1.983084914402262200e-01
1.984035600986701064e-01
1.984985631503316528e-01
1.985935006555252791e-01
1.986883726745322654e-01
1.987831792676004183e-01
1.988779204949439883e-01
1.989725964167436412e-01
1.990672070931459314e-01
1.991617525842637182e-01
1.992562329501756657e-01
1.993506482509261324e-01
1.994449985465251152e-01
1.995392838969479443e-01
1.996335043621350336e-01
1.997276600019918247e-01
1.998217508763882322e-01
1.999157770451588656e-01
2.000097385681025575e-01
