4.500000000000000111e-01
9.000000000000000222e-01
1.350000000000000089e+00
1.800000000000000044e+00
2.250000000000000000e+00
2.700000000000000178e+00
3.149999999999999911e+00
3.600000000000000089e+00
4.049999999999999822e+00
4.500000000000000000e+00
4.950000000000000178e+00
5.400000000000000355e+00
5.850000000000000533e+00
6.299999999999999822e+00
6.750000000000000000e+00
7.200000000000000178e+00
7.650000000000000355e+00
8.099999999999999645e+00
8.550000000000000711e+00
9.000000000000000000e+00
9.450000000000001066e+00
9.900000000000000355e+00
1.034999999999999964e+01
1.080000000000000071e+01
1.125000000000000000e+01
1.170000000000000107e+01
1.215000000000000036e+01
1.259999999999999964e+01
1.305000000000000071e+01
1.350000000000000000e+01
1.395000000000000107e+01
1.440000000000000036e+01
1.484999999999999964e+01
1.530000000000000071e+01
1.575000000000000000e+01
1.619999999999999929e+01
1.665000000000000213e+01
1.710000000000000142e+01
1.755000000000000071e+01
1.800000000000000000e+01
1.844999999999999929e+01
1.890000000000000213e+01
1.935000000000000142e+01
1.980000000000000071e+01
2.025000000000000000e+01
2.069999999999999929e+01
2.115000000000000213e+01
2.160000000000000142e+01
2.205000000000000071e+01
2.250000000000000000e+01
2.294999999999999929e+01
2.340000000000000213e+01
2.385000000000000142e+01
2.430000000000000071e+01
2.475000000000000000e+01
2.519999999999999929e+01
2.565000000000000213e+01
2.610000000000000142e+01
2.655000000000000071e+01
2.700000000000000000e+01
2.744999999999999929e+01
2.790000000000000213e+01
2.835000000000000142e+01
2.880000000000000071e+01
2.925000000000000000e+01
2.969999999999999929e+01
3.015000000000000213e+01
3.060000000000000142e+01
3.105000000000000071e+01
3.150000000000000000e+01
3.194999999999999929e+01
3.239999999999999858e+01
3.285000000000000142e+01
3.330000000000000426e+01
3.375000000000000000e+01
3.420000000000000284e+01
3.464999999999999858e+01
3.510000000000000142e+01
3.555000000000000426e+01
3.600000000000000000e+01
3.645000000000000284e+01
3.689999999999999858e+01
3.735000000000000142e+01
3.780000000000000426e+01
3.825000000000000000e+01
3.870000000000000284e+01
3.914999999999999858e+01
3.960000000000000142e+01
4.005000000000000426e+01
4.050000000000000000e+01
4.095000000000000284e+01
4.139999999999999858e+01
4.185000000000000142e+01
4.230000000000000426e+01
4.275000000000000000e+01
4.320000000000000284e+01
4.364999999999999858e+01
4.410000000000000142e+01
4.455000000000000426e+01
4.500000000000000000e+01
4.545000000000000284e+01
4.589999999999999858e+01
4.635000000000000142e+01
4.680000000000000426e+01
4.725000000000000000e+01
4.770000000000000284e+01
4.814999999999999858e+01
4.860000000000000142e+01
4.905000000000000426e+01
4.950000000000000000e+01
4.995000000000000284e+01
5.039999999999999858e+01
5.085000000000000142e+01
5.130000000000000426e+01
5.175000000000000000e+01
5.220000000000000284e+01
5.264999999999999858e+01
5.310000000000000142e+01
5.355000000000000426e+01
5.400000000000000000e+01
5.445000000000000284e+01
5.489999999999999858e+01
5.535000000000000142e+01
5.580000000000000426e+01
5.625000000000000000e+01
5.670000000000000284e+01
5.714999999999999858e+01
5.760000000000000142e+01
5.805000000000000426e+01
5.850000000000000000e+01
5.895000000000000284e+01
5.939999999999999858e+01
5.985000000000000142e+01
6.030000000000000426e+01
6.075000000000000000e+01
6.120000000000000284e+01
6.164999999999999858e+01
6.210000000000000142e+01
6.255000000000000426e+01
6.300000000000000000e+01
6.345000000000000284e+01
6.389999999999999858e+01
6.435000000000000853e+01
6.479999999999999716e+01
6.525000000000000000e+01
6.570000000000000284e+01
6.615000000000000568e+01
6.660000000000000853e+01
6.704999999999999716e+01
6.750000000000000000e+01
6.795000000000000284e+01
6.840000000000000568e+01
6.885000000000000853e+01
6.929999999999999716e+01
6.975000000000000000e+01
7.020000000000000284e+01
7.065000000000000568e+01
7.110000000000000853e+01
7.154999999999999716e+01
7.200000000000000000e+01
7.245000000000000284e+01
7.290000000000000568e+01
7.335000000000000853e+01
7.379999999999999716e+01
7.425000000000000000e+01
7.470000000000000284e+01
7.515000000000000568e+01
7.560000000000000853e+01
7.604999999999999716e+01
7.650000000000000000e+01
7.695000000000000284e+01
7.740000000000000568e+01
7.785000000000000853e+01
7.829999999999999716e+01
7.875000000000000000e+01
7.920000000000000284e+01
7.965000000000000568e+01
8.010000000000000853e+01
8.054999999999999716e+01
8.100000000000000000e+01
8.145000000000000284e+01
8.190000000000000568e+01
8.235000000000000853e+01
8.279999999999999716e+01
8.325000000000000000e+01
8.370000000000000284e+01
8.415000000000000568e+01
8.460000000000000853e+01
8.504999999999999716e+01
8.550000000000000000e+01
8.595000000000000284e+01
8.640000000000000568e+01
8.685000000000000853e+01
8.729999999999999716e+01
8.775000000000000000e+01
8.820000000000000284e+01
8.865000000000000568e+01
8.910000000000000853e+01
8.954999999999999716e+01
9.000000000000000000e+01
9.045000000000000284e+01
9.090000000000000568e+01
9.135000000000000853e+01
9.179999999999999716e+01
9.225000000000000000e+01
9.270000000000000284e+01
9.315000000000000568e+01
9.360000000000000853e+01
9.404999999999999716e+01
9.450000000000000000e+01
9.495000000000000284e+01
9.540000000000000568e+01
9.585000000000000853e+01
9.629999999999999716e+01
9.675000000000000000e+01
9.720000000000000284e+01
9.765000000000000568e+01
9.810000000000000853e+01
9.854999999999999716e+01
9.900000000000000000e+01
9.945000000000000284e+01
9.990000000000000568e+01
1.003500000000000085e+02
1.007999999999999972e+02
1.012500000000000000e+02
1.017000000000000028e+02
1.021500000000000057e+02
1.026000000000000085e+02
1.030499999999999972e+02
1.035000000000000000e+02
1.039500000000000028e+02
1.044000000000000057e+02
1.048500000000000085e+02
1.052999999999999972e+02
1.057500000000000000e+02
1.062000000000000028e+02
1.066500000000000057e+02
1.071000000000000085e+02
1.075499999999999972e+02
1.080000000000000000e+02
1.084500000000000028e+02
1.089000000000000057e+02
1.093500000000000085e+02
1.097999999999999972e+02
1.102500000000000000e+02
1.107000000000000028e+02
1.111500000000000057e+02
1.116000000000000085e+02
1.120499999999999972e+02
1.125000000000000000e+02
1.129500000000000028e+02
1.134000000000000057e+02
1.138500000000000085e+02
1.142999999999999972e+02
1.147500000000000000e+02
1.152000000000000028e+02
1.156500000000000057e+02
1.161000000000000085e+02
1.165499999999999972e+02
1.170000000000000000e+02
1.174500000000000028e+02
1.179000000000000057e+02
1.183500000000000085e+02
1.187999999999999972e+02
1.192500000000000000e+02
1.197000000000000028e+02
1.201500000000000057e+02
1.206000000000000085e+02
1.210499999999999972e+02
1.215000000000000000e+02
1.219500000000000028e+02
1.224000000000000057e+02
1.228500000000000085e+02
1.232999999999999972e+02
1.237500000000000000e+02
1.242000000000000028e+02
1.246500000000000057e+02
1.251000000000000085e+02
1.255499999999999972e+02
1.260000000000000000e+02
1.264500000000000028e+02
1.269000000000000057e+02
1.273500000000000085e+02
1.277999999999999972e+02
1.282500000000000000e+02
1.287000000000000171e+02
1.291500000000000057e+02
1.295999999999999943e+02
1.300500000000000114e+02
1.305000000000000000e+02
1.309500000000000171e+02
1.314000000000000057e+02
1.318499999999999943e+02
1.323000000000000114e+02
1.327500000000000000e+02
1.332000000000000171e+02
1.336500000000000057e+02
1.340999999999999943e+02
1.345500000000000114e+02
1.350000000000000000e+02
1.354500000000000171e+02
1.359000000000000057e+02
1.363499999999999943e+02
1.368000000000000114e+02
1.372500000000000000e+02
1.377000000000000171e+02
1.381500000000000057e+02
1.385999999999999943e+02
1.390500000000000114e+02
1.395000000000000000e+02
1.399500000000000171e+02
1.404000000000000057e+02
1.408499999999999943e+02
1.413000000000000114e+02
1.417500000000000000e+02
1.422000000000000171e+02
1.426500000000000057e+02
1.430999999999999943e+02
1.435500000000000114e+02
1.440000000000000000e+02
1.444500000000000171e+02
1.449000000000000057e+02
1.453499999999999943e+02
1.458000000000000114e+02
1.462500000000000000e+02
1.467000000000000171e+02
1.471500000000000057e+02
1.475999999999999943e+02
1.480500000000000114e+02
1.485000000000000000e+02
1.489500000000000171e+02
1.494000000000000057e+02
1.498499999999999943e+02
1.503000000000000114e+02
1.507500000000000000e+02
1.512000000000000171e+02
1.516500000000000057e+02
1.520999999999999943e+02
1.525500000000000114e+02
1.530000000000000000e+02
1.534500000000000171e+02
1.539000000000000057e+02
1.543499999999999943e+02
1.548000000000000114e+02
1.552500000000000000e+02
1.557000000000000171e+02
1.561500000000000057e+02
1.565999999999999943e+02
1.570500000000000114e+02
1.575000000000000000e+02
1.579500000000000171e+02
1.584000000000000057e+02
1.588499999999999943e+02
1.593000000000000114e+02
1.597500000000000000e+02
1.602000000000000171e+02
1.606500000000000057e+02
1.610999999999999943e+02
1.615500000000000114e+02
1.620000000000000000e+02
1.624500000000000171e+02
1.629000000000000057e+02
1.633499999999999943e+02
1.638000000000000114e+02
1.642500000000000000e+02
1.647000000000000171e+02
1.651500000000000057e+02
1.655999999999999943e+02
1.660500000000000114e+02
1.665000000000000000e+02
1.669500000000000171e+02
1.674000000000000057e+02
1.678499999999999943e+02
1.683000000000000114e+02
1.687500000000000000e+02
1.692000000000000171e+02
1.696500000000000057e+02
1.700999999999999943e+02
1.705500000000000114e+02
1.710000000000000000e+02
1.714500000000000171e+02
1.719000000000000057e+02
1.723499999999999943e+02
1.728000000000000114e+02
1.732500000000000000e+02
1.737000000000000171e+02
1.741500000000000057e+02
1.745999999999999943e+02
1.750500000000000114e+02
1.755000000000000000e+02
1.759500000000000171e+02
1.764000000000000057e+02
1.768499999999999943e+02
1.773000000000000114e+02
1.777500000000000000e+02
1.782000000000000171e+02
1.786500000000000057e+02
1.790999999999999943e+02
1.795500000000000114e+02
1.800000000000000000e+02
1.804500000000000171e+02
1.809000000000000057e+02
1.813499999999999943e+02
1.818000000000000114e+02
1.822500000000000000e+02
1.827000000000000171e+02
1.831500000000000057e+02
1.835999999999999943e+02
1.840500000000000114e+02
1.845000000000000000e+02
1.849500000000000171e+02
1.854000000000000057e+02
1.858499999999999943e+02
1.863000000000000114e+02
1.867500000000000000e+02
1.872000000000000171e+02
1.876500000000000057e+02
1.880999999999999943e+02
1.885500000000000114e+02
1.890000000000000000e+02
1.894500000000000171e+02
1.899000000000000057e+02
1.903499999999999943e+02
1.908000000000000114e+02
1.912500000000000000e+02
1.917000000000000171e+02
1.921500000000000057e+02
1.925999999999999943e+02
1.930500000000000114e+02
1.935000000000000000e+02
1.939500000000000171e+02
1.944000000000000057e+02
1.948499999999999943e+02
1.953000000000000114e+02
1.957500000000000000e+02
1.962000000000000171e+02
1.966500000000000057e+02
1.970999999999999943e+02
1.975500000000000114e+02
1.980000000000000000e+02
1.984500000000000171e+02
1.989000000000000057e+02
1.993499999999999943e+02
1.998000000000000114e+02
2.002500000000000000e+02
2.007000000000000171e+02
2.011500000000000057e+02
2.015999999999999943e+02
2.020500000000000114e+02
2.025000000000000000e+02
2.029500000000000171e+02
2.034000000000000057e+02
2.038499999999999943e+02
2.043000000000000114e+02
2.047500000000000000e+02
2.052000000000000171e+02
2.056500000000000057e+02
2.060999999999999943e+02
2.065500000000000114e+02
2.070000000000000000e+02
2.074500000000000171e+02
2.079000000000000057e+02
2.083499999999999943e+02
2.088000000000000114e+02
2.092500000000000000e+02
2.097000000000000171e+02
2.101500000000000057e+02
2.105999999999999943e+02
2.110500000000000114e+02
2.115000000000000000e+02
2.119500000000000171e+02
2.124000000000000057e+02
2.128499999999999943e+02
2.133000000000000114e+02
2.137500000000000000e+02
2.142000000000000171e+02
2.146500000000000057e+02
2.150999999999999943e+02
2.155500000000000114e+02
2.160000000000000000e+02
2.164500000000000171e+02
2.169000000000000057e+02
2.173499999999999943e+02
2.178000000000000114e+02
2.182500000000000000e+02
2.187000000000000171e+02
2.191500000000000057e+02
2.195999999999999943e+02
2.200500000000000114e+02
2.205000000000000000e+02
2.209500000000000171e+02
2.214000000000000057e+02
2.218499999999999943e+02
2.223000000000000114e+02
2.227500000000000000e+02
2.232000000000000171e+02
2.236500000000000057e+02
2.240999999999999943e+02
2.245500000000000114e+02
2.250000000000000000e+02
2.254500000000000171e+02
2.259000000000000057e+02
2.263499999999999943e+02
2.268000000000000114e+02
2.272500000000000000e+02
2.277000000000000171e+02
2.281500000000000057e+02
2.285999999999999943e+02
2.290500000000000114e+02
2.295000000000000000e+02
2.299500000000000171e+02
2.304000000000000057e+02
2.308499999999999943e+02
2.313000000000000114e+02
2.317500000000000000e+02
2.322000000000000171e+02
2.326500000000000057e+02
2.330999999999999943e+02
2.335500000000000114e+02
2.340000000000000000e+02
2.344500000000000171e+02
2.349000000000000057e+02
2.353499999999999943e+02
2.358000000000000114e+02
2.362500000000000000e+02
2.367000000000000171e+02
2.371500000000000057e+02
2.375999999999999943e+02
2.380500000000000114e+02
2.385000000000000000e+02
2.389500000000000171e+02
2.394000000000000057e+02
2.398499999999999943e+02
2.403000000000000114e+02
2.407500000000000000e+02
2.412000000000000171e+02
2.416500000000000057e+02
2.420999999999999943e+02
2.425500000000000114e+02
2.430000000000000000e+02
2.434500000000000171e+02
2.439000000000000057e+02
2.443499999999999943e+02
2.448000000000000114e+02
2.452500000000000000e+02
2.457000000000000171e+02
2.461500000000000057e+02
2.465999999999999943e+02
2.470500000000000114e+02
2.475000000000000000e+02
2.479500000000000171e+02
2.484000000000000057e+02
2.488499999999999943e+02
2.493000000000000114e+02
2.497500000000000000e+02
2.502000000000000171e+02
2.506500000000000057e+02
2.510999999999999943e+02
2.515500000000000114e+02
2.520000000000000000e+02
2.524500000000000171e+02
2.529000000000000057e+02
2.533499999999999943e+02
2.538000000000000114e+02
2.542500000000000000e+02
2.547000000000000171e+02
2.551500000000000057e+02
2.555999999999999943e+02
2.560500000000000114e+02
2.565000000000000000e+02
2.569499999999999886e+02
2.574000000000000341e+02
2.578500000000000227e+02
2.583000000000000114e+02
2.587500000000000000e+02
2.591999999999999886e+02
2.596500000000000341e+02
2.601000000000000227e+02
2.605500000000000114e+02
2.610000000000000000e+02
2.614499999999999886e+02
2.619000000000000341e+02
2.623500000000000227e+02
2.628000000000000114e+02
2.632500000000000000e+02
2.636999999999999886e+02
2.641500000000000341e+02
2.646000000000000227e+02
2.650500000000000114e+02
2.655000000000000000e+02
2.659499999999999886e+02
2.664000000000000341e+02
2.668500000000000227e+02
2.673000000000000114e+02
2.677500000000000000e+02
2.681999999999999886e+02
2.686500000000000341e+02
2.691000000000000227e+02
2.695500000000000114e+02
2.700000000000000000e+02
2.704499999999999886e+02
2.709000000000000341e+02
2.713500000000000227e+02
2.718000000000000114e+02
2.722500000000000000e+02
2.726999999999999886e+02
2.731500000000000341e+02
2.736000000000000227e+02
2.740500000000000114e+02
2.745000000000000000e+02
2.749499999999999886e+02
2.754000000000000341e+02
2.758500000000000227e+02
2.763000000000000114e+02
2.767500000000000000e+02
2.771999999999999886e+02
2.776500000000000341e+02
2.781000000000000227e+02
2.785500000000000114e+02
2.790000000000000000e+02
2.794499999999999886e+02
2.799000000000000341e+02
2.803500000000000227e+02
2.808000000000000114e+02
2.812500000000000000e+02
2.816999999999999886e+02
2.821500000000000341e+02
2.826000000000000227e+02
2.830500000000000114e+02
2.835000000000000000e+02
2.839499999999999886e+02
2.844000000000000341e+02
2.848500000000000227e+02
2.853000000000000114e+02
2.857500000000000000e+02
2.861999999999999886e+02
2.866500000000000341e+02
2.871000000000000227e+02
2.875500000000000114e+02
2.880000000000000000e+02
2.884499999999999886e+02
2.889000000000000341e+02
2.893500000000000227e+02
2.898000000000000114e+02
2.902500000000000000e+02
2.906999999999999886e+02
2.911500000000000341e+02
2.916000000000000227e+02
2.920500000000000114e+02
2.925000000000000000e+02
2.929499999999999886e+02
2.934000000000000341e+02
2.938500000000000227e+02
2.943000000000000114e+02
2.947500000000000000e+02
2.951999999999999886e+02
2.956500000000000341e+02
2.961000000000000227e+02
2.965500000000000114e+02
2.970000000000000000e+02
2.974499999999999886e+02
2.979000000000000341e+02
2.983500000000000227e+02
2.988000000000000114e+02
2.992500000000000000e+02
2.996999999999999886e+02
3.001500000000000341e+02
3.006000000000000227e+02
3.010500000000000114e+02
3.015000000000000000e+02
3.019499999999999886e+02
3.024000000000000341e+02
3.028500000000000227e+02
3.033000000000000114e+02
3.037500000000000000e+02
3.041999999999999886e+02
3.046500000000000341e+02
3.051000000000000227e+02
3.055500000000000114e+02
3.060000000000000000e+02
3.064499999999999886e+02
3.069000000000000341e+02
3.073500000000000227e+02
3.078000000000000114e+02
3.082500000000000000e+02
3.086999999999999886e+02
3.091500000000000341e+02
3.096000000000000227e+02
3.100500000000000114e+02
3.105000000000000000e+02
3.109499999999999886e+02
3.114000000000000341e+02
3.118500000000000227e+02
3.123000000000000114e+02
3.127500000000000000e+02
3.131999999999999886e+02
3.136500000000000341e+02
3.141000000000000227e+02
3.145500000000000114e+02
3.150000000000000000e+02
3.154499999999999886e+02
3.159000000000000341e+02
3.163500000000000227e+02
3.168000000000000114e+02
3.172500000000000000e+02
3.176999999999999886e+02
3.181500000000000341e+02
3.186000000000000227e+02
3.190500000000000114e+02
3.195000000000000000e+02
3.199499999999999886e+02
3.204000000000000341e+02
3.208500000000000227e+02
3.213000000000000114e+02
3.217500000000000000e+02
3.221999999999999886e+02
3.226500000000000341e+02
3.231000000000000227e+02
3.235500000000000114e+02
3.240000000000000000e+02
3.244499999999999886e+02
3.249000000000000341e+02
3.253500000000000227e+02
3.258000000000000114e+02
3.262500000000000000e+02
3.266999999999999886e+02
3.271500000000000341e+02
3.276000000000000227e+02
3.280500000000000114e+02
3.285000000000000000e+02
3.289499999999999886e+02
3.294000000000000341e+02
3.298500000000000227e+02
3.303000000000000114e+02
3.307500000000000000e+02
3.311999999999999886e+02
3.316500000000000341e+02
3.321000000000000227e+02
3.325500000000000114e+02
3.330000000000000000e+02
3.334499999999999886e+02
3.339000000000000341e+02
3.343500000000000227e+02
3.348000000000000114e+02
3.352500000000000000e+02
3.356999999999999886e+02
3.361500000000000341e+02
3.366000000000000227e+02
3.370500000000000114e+02
3.375000000000000000e+02
3.379499999999999886e+02
3.384000000000000341e+02
3.388500000000000227e+02
3.393000000000000114e+02
3.397500000000000000e+02
3.401999999999999886e+02
3.406500000000000341e+02
3.411000000000000227e+02
3.415500000000000114e+02
3.420000000000000000e+02
3.424499999999999886e+02
3.429000000000000341e+02
3.433500000000000227e+02
3.438000000000000114e+02
3.442500000000000000e+02
3.446999999999999886e+02
3.451500000000000341e+02
3.456000000000000227e+02
3.460500000000000114e+02
3.465000000000000000e+02
3.469499999999999886e+02
3.474000000000000341e+02
3.478500000000000227e+02
3.483000000000000114e+02
3.487500000000000000e+02
3.491999999999999886e+02
3.496500000000000341e+02
3.501000000000000227e+02
3.505500000000000114e+02
3.510000000000000000e+02
3.514499999999999886e+02
3.519000000000000341e+02
3.523500000000000227e+02
3.528000000000000114e+02
3.532500000000000000e+02
3.536999999999999886e+02
3.541500000000000341e+02
3.546000000000000227e+02
3.550500000000000114e+02
3.555000000000000000e+02
3.559499999999999886e+02
3.564000000000000341e+02
3.568500000000000227e+02
3.573000000000000114e+02
3.577500000000000000e+02
3.581999999999999886e+02
3.586500000000000341e+02
3.591000000000000227e+02
3.595500000000000114e+02
3.600000000000000000e+02
3.604499999999999886e+02
3.609000000000000341e+02
3.613500000000000227e+02
3.618000000000000114e+02
3.622500000000000000e+02
3.626999999999999886e+02
3.631500000000000341e+02
3.636000000000000227e+02
3.640500000000000114e+02
3.645000000000000000e+02
3.649499999999999886e+02
3.654000000000000341e+02
3.658500000000000227e+02
3.663000000000000114e+02
3.667500000000000000e+02
3.671999999999999886e+02
3.676500000000000341e+02
3.681000000000000227e+02
3.685500000000000114e+02
3.690000000000000000e+02
3.694499999999999886e+02
3.699000000000000341e+02
3.703500000000000227e+02
3.708000000000000114e+02
3.712500000000000000e+02
3.716999999999999886e+02
3.721500000000000341e+02
3.726000000000000227e+02
3.730500000000000114e+02
3.735000000000000000e+02
3.739499999999999886e+02
3.744000000000000341e+02
3.748500000000000227e+02
3.753000000000000114e+02
3.757500000000000000e+02
3.761999999999999886e+02
3.766500000000000341e+02
3.771000000000000227e+02
3.775500000000000114e+02
3.780000000000000000e+02
3.784499999999999886e+02
3.789000000000000341e+02
3.793500000000000227e+02
3.798000000000000114e+02
3.802500000000000000e+02
3.806999999999999886e+02
3.811500000000000341e+02
3.816000000000000227e+02
3.820500000000000114e+02
3.825000000000000000e+02
3.829499999999999886e+02
3.834000000000000341e+02
3.838500000000000227e+02
3.843000000000000114e+02
3.847500000000000000e+02
3.851999999999999886e+02
3.856500000000000341e+02
3.861000000000000227e+02
3.865500000000000114e+02
3.870000000000000000e+02
3.874499999999999886e+02
3.879000000000000341e+02
3.883500000000000227e+02
3.888000000000000114e+02
3.892500000000000000e+02
3.896999999999999886e+02
3.901500000000000341e+02
3.906000000000000227e+02
3.910500000000000114e+02
3.915000000000000000e+02
3.919499999999999886e+02
3.924000000000000341e+02
3.928500000000000227e+02
3.933000000000000114e+02
3.937500000000000000e+02
3.941999999999999886e+02
3.946500000000000341e+02
3.951000000000000227e+02
3.955500000000000114e+02
3.960000000000000000e+02
3.964499999999999886e+02
3.969000000000000341e+02
3.973500000000000227e+02
3.978000000000000114e+02
3.982500000000000000e+02
3.986999999999999886e+02
3.991500000000000341e+02
3.996000000000000227e+02
4.000500000000000114e+02
4.005000000000000000e+02
4.009499999999999886e+02
4.014000000000000341e+02
4.018500000000000227e+02
4.023000000000000114e+02
4.027500000000000000e+02
4.031999999999999886e+02
4.036500000000000341e+02
4.041000000000000227e+02
4.045500000000000114e+02
4.050000000000000000e+02
4.054499999999999886e+02
4.059000000000000341e+02
4.063500000000000227e+02
4.068000000000000114e+02
4.072500000000000000e+02
4.076999999999999886e+02
4.081500000000000341e+02
4.086000000000000227e+02
4.090500000000000114e+02
4.095000000000000000e+02
4.099499999999999886e+02
4.104000000000000341e+02
4.108500000000000227e+02
4.113000000000000114e+02
4.117500000000000000e+02
4.121999999999999886e+02
4.126500000000000341e+02
4.131000000000000227e+02
4.135500000000000114e+02
4.140000000000000000e+02
4.144499999999999886e+02
4.149000000000000341e+02
4.153500000000000227e+02
4.158000000000000114e+02
4.162500000000000000e+02
4.166999999999999886e+02
4.171500000000000341e+02
4.176000000000000227e+02
4.180500000000000114e+02
4.185000000000000000e+02
4.189499999999999886e+02
4.194000000000000341e+02
4.198500000000000227e+02
4.203000000000000114e+02
4.207500000000000000e+02
4.211999999999999886e+02
4.216500000000000341e+02
4.221000000000000227e+02
4.225500000000000114e+02
4.230000000000000000e+02
4.234499999999999886e+02
4.239000000000000341e+02
4.243500000000000227e+02
4.248000000000000114e+02
4.252500000000000000e+02
4.256999999999999886e+02
4.261500000000000341e+02
4.266000000000000227e+02
4.270500000000000114e+02
4.275000000000000000e+02
4.279499999999999886e+02
4.284000000000000341e+02
4.288500000000000227e+02
4.293000000000000114e+02
4.297500000000000000e+02
4.301999999999999886e+02
4.306500000000000341e+02
4.311000000000000227e+02
4.315500000000000114e+02
4.320000000000000000e+02
4.324499999999999886e+02
4.329000000000000341e+02
4.333500000000000227e+02
4.338000000000000114e+02
4.342500000000000000e+02
4.346999999999999886e+02
4.351500000000000341e+02
4.356000000000000227e+02
4.360500000000000114e+02
4.365000000000000000e+02
4.369499999999999886e+02
4.374000000000000341e+02
4.378500000000000227e+02
4.383000000000000114e+02
4.387500000000000000e+02
4.391999999999999886e+02
4.396500000000000341e+02
4.401000000000000227e+02
4.405500000000000114e+02
4.410000000000000000e+02
4.414499999999999886e+02
4.419000000000000341e+02
4.423500000000000227e+02
4.428000000000000114e+02
4.432500000000000000e+02
4.436999999999999886e+02
4.441500000000000341e+02
4.446000000000000227e+02
4.450500000000000114e+02
4.455000000000000000e+02
4.459499999999999886e+02
4.464000000000000341e+02
4.468500000000000227e+02
4.473000000000000114e+02
4.477500000000000000e+02
4.481999999999999886e+02
4.486500000000000341e+02
4.491000000000000227e+02
4.495500000000000114e+02
4.500000000000000000e+02
4.504499999999999886e+02
4.509000000000000341e+02
4.513500000000000227e+02
4.518000000000000114e+02
4.522500000000000000e+02
4.526999999999999886e+02
4.531500000000000341e+02
4.536000000000000227e+02
4.540500000000000114e+02
4.545000000000000000e+02
4.549499999999999886e+02
4.554000000000000341e+02
4.558500000000000227e+02
4.563000000000000114e+02
4.567500000000000000e+02
4.571999999999999886e+02
4.576500000000000341e+02
4.581000000000000227e+02
4.585500000000000114e+02
4.590000000000000000e+02
4.594499999999999886e+02
4.599000000000000341e+02
4.603500000000000227e+02
4.608000000000000114e+02
4.612500000000000000e+02
4.616999999999999886e+02
4.621500000000000341e+02
4.626000000000000227e+02
4.630500000000000114e+02
4.635000000000000000e+02
4.639499999999999886e+02
4.644000000000000341e+02
4.648500000000000227e+02
4.653000000000000114e+02
4.657500000000000000e+02
4.661999999999999886e+02
4.666500000000000341e+02
4.671000000000000227e+02
4.675500000000000114e+02
4.680000000000000000e+02
4.684499999999999886e+02
4.689000000000000341e+02
4.693500000000000227e+02
4.698000000000000114e+02
4.702500000000000000e+02
4.706999999999999886e+02
4.711500000000000341e+02
4.716000000000000227e+02
4.720500000000000114e+02
4.725000000000000000e+02
4.729499999999999886e+02
4.734000000000000341e+02
4.738500000000000227e+02
4.743000000000000114e+02
4.747500000000000000e+02
4.751999999999999886e+02
4.756500000000000341e+02
4.761000000000000227e+02
4.765500000000000114e+02
4.770000000000000000e+02
4.774499999999999886e+02
4.779000000000000341e+02
4.783500000000000227e+02
4.788000000000000114e+02
4.792500000000000000e+02
4.796999999999999886e+02
4.801500000000000341e+02
4.806000000000000227e+02
4.810500000000000114e+02
4.815000000000000000e+02
4.819499999999999886e+02
4.824000000000000341e+02
4.828500000000000227e+02
4.833000000000000114e+02
4.837500000000000000e+02
4.841999999999999886e+02
4.846500000000000341e+02
4.851000000000000227e+02
4.855500000000000114e+02
4.860000000000000000e+02
4.864499999999999886e+02
4.869000000000000341e+02
4.873500000000000227e+02
4.878000000000000114e+02
4.882500000000000000e+02
4.886999999999999886e+02
4.891500000000000341e+02
4.896000000000000227e+02
4.900500000000000114e+02
4.905000000000000000e+02
4.909499999999999886e+02
4.914000000000000341e+02
4.918500000000000227e+02
4.923000000000000114e+02
4.927500000000000000e+02
4.931999999999999886e+02
4.936500000000000341e+02
4.941000000000000227e+02
4.945500000000000114e+02
4.950000000000000000e+02
4.954499999999999886e+02
4.959000000000000341e+02
4.963500000000000227e+02
4.968000000000000114e+02
4.972500000000000000e+02
4.976999999999999886e+02
4.981500000000000341e+02
4.986000000000000227e+02
4.990500000000000114e+02
4.995000000000000000e+02
4.999499999999999886e+02
5.004000000000000341e+02
5.008500000000000227e+02
5.013000000000000114e+02
5.017500000000000000e+02
5.021999999999999886e+02
5.026500000000000341e+02
5.031000000000000227e+02
5.035500000000000114e+02
5.040000000000000000e+02
5.044499999999999886e+02
5.049000000000000341e+02
5.053500000000000227e+02
5.058000000000000114e+02
5.062500000000000000e+02
5.066999999999999886e+02
5.071500000000000341e+02
5.076000000000000227e+02
5.080500000000000114e+02
5.085000000000000000e+02
5.089499999999999886e+02
5.094000000000000341e+02
5.098500000000000227e+02
5.103000000000000114e+02
5.107500000000000000e+02
5.111999999999999886e+02
5.116500000000000341e+02
5.121000000000000227e+02
5.125500000000000682e+02
5.130000000000000000e+02
5.134500000000000455e+02
5.138999999999999773e+02
5.143500000000000227e+02
5.148000000000000682e+02
5.152500000000000000e+02
5.157000000000000455e+02
5.161499999999999773e+02
5.166000000000000227e+02
5.170500000000000682e+02
5.175000000000000000e+02
5.179500000000000455e+02
5.183999999999999773e+02
5.188500000000000227e+02
5.193000000000000682e+02
5.197500000000000000e+02
5.202000000000000455e+02
5.206499999999999773e+02
5.211000000000000227e+02
5.215500000000000682e+02
5.220000000000000000e+02
5.224500000000000455e+02
5.228999999999999773e+02
5.233500000000000227e+02
5.238000000000000682e+02
5.242500000000000000e+02
5.247000000000000455e+02
5.251499999999999773e+02
5.256000000000000227e+02
5.260500000000000682e+02
5.265000000000000000e+02
5.269500000000000455e+02
5.273999999999999773e+02
5.278500000000000227e+02
5.283000000000000682e+02
5.287500000000000000e+02
5.292000000000000455e+02
5.296499999999999773e+02
5.301000000000000227e+02
5.305500000000000682e+02
5.310000000000000000e+02
5.314500000000000455e+02
5.318999999999999773e+02
5.323500000000000227e+02
5.328000000000000682e+02
5.332500000000000000e+02
5.337000000000000455e+02
5.341499999999999773e+02
5.346000000000000227e+02
5.350500000000000682e+02
5.355000000000000000e+02
5.359500000000000455e+02
5.363999999999999773e+02
5.368500000000000227e+02
5.373000000000000682e+02
5.377500000000000000e+02
5.382000000000000455e+02
5.386499999999999773e+02
5.391000000000000227e+02
5.395500000000000682e+02
5.400000000000000000e+02
5.404500000000000455e+02
5.408999999999999773e+02
5.413500000000000227e+02
5.418000000000000682e+02
5.422500000000000000e+02
5.427000000000000455e+02
5.431499999999999773e+02
5.436000000000000227e+02
5.440500000000000682e+02
5.445000000000000000e+02
5.449500000000000455e+02
5.453999999999999773e+02
5.458500000000000227e+02
5.463000000000000682e+02
5.467500000000000000e+02
5.472000000000000455e+02
5.476499999999999773e+02
5.481000000000000227e+02
5.485500000000000682e+02
5.490000000000000000e+02
5.494500000000000455e+02
5.498999999999999773e+02
5.503500000000000227e+02
5.508000000000000682e+02
5.512500000000000000e+02
5.517000000000000455e+02
5.521499999999999773e+02
5.526000000000000227e+02
5.530500000000000682e+02
5.535000000000000000e+02
5.539500000000000455e+02
5.543999999999999773e+02
5.548500000000000227e+02
5.553000000000000682e+02
5.557500000000000000e+02
5.562000000000000455e+02
5.566499999999999773e+02
5.571000000000000227e+02
5.575500000000000682e+02
5.580000000000000000e+02
5.584500000000000455e+02
5.588999999999999773e+02
5.593500000000000227e+02
5.598000000000000682e+02
5.602500000000000000e+02
5.607000000000000455e+02
5.611499999999999773e+02
5.616000000000000227e+02
5.620500000000000682e+02
5.625000000000000000e+02
5.629500000000000455e+02
5.633999999999999773e+02
5.638500000000000227e+02
5.643000000000000682e+02
5.647500000000000000e+02
5.652000000000000455e+02
5.656499999999999773e+02
5.661000000000000227e+02
5.665500000000000682e+02
5.670000000000000000e+02
5.674500000000000455e+02
5.678999999999999773e+02
5.683500000000000227e+02
5.688000000000000682e+02
5.692500000000000000e+02
5.697000000000000455e+02
5.701499999999999773e+02
5.706000000000000227e+02
5.710500000000000682e+02
5.715000000000000000e+02
5.719500000000000455e+02
5.723999999999999773e+02
5.728500000000000227e+02
5.733000000000000682e+02
5.737500000000000000e+02
5.742000000000000455e+02
5.746499999999999773e+02
5.751000000000000227e+02
5.755500000000000682e+02
5.760000000000000000e+02
5.764500000000000455e+02
5.768999999999999773e+02
5.773500000000000227e+02
5.778000000000000682e+02
5.782500000000000000e+02
5.787000000000000455e+02
5.791499999999999773e+02
5.796000000000000227e+02
5.800500000000000682e+02
5.805000000000000000e+02
5.809500000000000455e+02
5.813999999999999773e+02
5.818500000000000227e+02
5.823000000000000682e+02
5.827500000000000000e+02
5.832000000000000455e+02
5.836499999999999773e+02
5.841000000000000227e+02
5.845500000000000682e+02
5.850000000000000000e+02
5.854500000000000455e+02
5.858999999999999773e+02
5.863500000000000227e+02
5.868000000000000682e+02
5.872500000000000000e+02
5.877000000000000455e+02
5.881499999999999773e+02
5.886000000000000227e+02
5.890500000000000682e+02
5.895000000000000000e+02
5.899500000000000455e+02
5.903999999999999773e+02
5.908500000000000227e+02
5.913000000000000682e+02
5.917500000000000000e+02
5.922000000000000455e+02
5.926499999999999773e+02
5.931000000000000227e+02
5.935500000000000682e+02
5.940000000000000000e+02
5.944500000000000455e+02
5.948999999999999773e+02
5.953500000000000227e+02
5.958000000000000682e+02
5.962500000000000000e+02
5.967000000000000455e+02
5.971499999999999773e+02
5.976000000000000227e+02
5.980500000000000682e+02
5.985000000000000000e+02
5.989500000000000455e+02
5.993999999999999773e+02
5.998500000000000227e+02
6.003000000000000682e+02
6.007500000000000000e+02
6.012000000000000455e+02
6.016499999999999773e+02
6.021000000000000227e+02
6.025500000000000682e+02
6.030000000000000000e+02
6.034500000000000455e+02
6.038999999999999773e+02
6.043500000000000227e+02
6.048000000000000682e+02
6.052500000000000000e+02
6.057000000000000455e+02
6.061499999999999773e+02
6.066000000000000227e+02
6.070500000000000682e+02
6.075000000000000000e+02
6.079500000000000455e+02
6.083999999999999773e+02
6.088500000000000227e+02
6.093000000000000682e+02
6.097500000000000000e+02
6.102000000000000455e+02
6.106499999999999773e+02
6.111000000000000227e+02
6.115500000000000682e+02
6.120000000000000000e+02
6.124500000000000455e+02
6.128999999999999773e+02
6.133500000000000227e+02
6.138000000000000682e+02
6.142500000000000000e+02
6.147000000000000455e+02
6.151499999999999773e+02
6.156000000000000227e+02
6.160500000000000682e+02
6.165000000000000000e+02
6.169500000000000455e+02
6.173999999999999773e+02
6.178500000000000227e+02
6.183000000000000682e+02
6.187500000000000000e+02
6.192000000000000455e+02
6.196499999999999773e+02
6.201000000000000227e+02
6.205500000000000682e+02
6.210000000000000000e+02
6.214500000000000455e+02
6.218999999999999773e+02
6.223500000000000227e+02
6.228000000000000682e+02
6.232500000000000000e+02
6.237000000000000455e+02
6.241499999999999773e+02
6.246000000000000227e+02
6.250500000000000682e+02
6.255000000000000000e+02
6.259500000000000455e+02
6.263999999999999773e+02
6.268500000000000227e+02
6.273000000000000682e+02
6.277500000000000000e+02
6.282000000000000455e+02
6.286499999999999773e+02
6.291000000000000227e+02
6.295500000000000682e+02
6.300000000000000000e+02
6.304500000000000455e+02
6.308999999999999773e+02
6.313500000000000227e+02
6.318000000000000682e+02
6.322500000000000000e+02
6.327000000000000455e+02
6.331499999999999773e+02
6.336000000000000227e+02
6.340500000000000682e+02
6.345000000000000000e+02
6.349500000000000455e+02
6.353999999999999773e+02
6.358500000000000227e+02
6.363000000000000682e+02
6.367500000000000000e+02
6.372000000000000455e+02
6.376499999999999773e+02
6.381000000000000227e+02
6.385500000000000682e+02
6.390000000000000000e+02
6.394500000000000455e+02
6.398999999999999773e+02
6.403500000000000227e+02
6.408000000000000682e+02
6.412500000000000000e+02
6.417000000000000455e+02
6.421499999999999773e+02
6.426000000000000227e+02
6.430500000000000682e+02
6.435000000000000000e+02
6.439500000000000455e+02
6.443999999999999773e+02
6.448500000000000227e+02
6.453000000000000682e+02
6.457500000000000000e+02
6.462000000000000455e+02
6.466499999999999773e+02
6.471000000000000227e+02
6.475500000000000682e+02
6.480000000000000000e+02
6.484500000000000455e+02
6.488999999999999773e+02
6.493500000000000227e+02
6.498000000000000682e+02
6.502500000000000000e+02
6.507000000000000455e+02
6.511499999999999773e+02
6.516000000000000227e+02
6.520500000000000682e+02
6.525000000000000000e+02
6.529500000000000455e+02
6.533999999999999773e+02
6.538500000000000227e+02
6.543000000000000682e+02
6.547500000000000000e+02
6.552000000000000455e+02
6.556499999999999773e+02
6.561000000000000227e+02
6.565500000000000682e+02
6.570000000000000000e+02
6.574500000000000455e+02
6.578999999999999773e+02
6.583500000000000227e+02
6.588000000000000682e+02
6.592500000000000000e+02
6.597000000000000455e+02
6.601499999999999773e+02
6.606000000000000227e+02
6.610500000000000682e+02
6.615000000000000000e+02
6.619500000000000455e+02
6.623999999999999773e+02
6.628500000000000227e+02
6.633000000000000682e+02
6.637500000000000000e+02
6.642000000000000455e+02
6.646499999999999773e+02
6.651000000000000227e+02
6.655500000000000682e+02
6.660000000000000000e+02
6.664500000000000455e+02
6.668999999999999773e+02
6.673500000000000227e+02
6.678000000000000682e+02
6.682500000000000000e+02
6.687000000000000455e+02
6.691499999999999773e+02
6.696000000000000227e+02
6.700500000000000682e+02
6.705000000000000000e+02
6.709500000000000455e+02
6.713999999999999773e+02
6.718500000000000227e+02
6.723000000000000682e+02
6.727500000000000000e+02
6.732000000000000455e+02
6.736499999999999773e+02
6.741000000000000227e+02
6.745500000000000682e+02
6.750000000000000000e+02
6.754500000000000455e+02
6.758999999999999773e+02
6.763500000000000227e+02
6.768000000000000682e+02
6.772500000000000000e+02
6.777000000000000455e+02
6.781499999999999773e+02
6.786000000000000227e+02
6.790500000000000682e+02
6.795000000000000000e+02
6.799500000000000455e+02
6.803999999999999773e+02
6.808500000000000227e+02
6.813000000000000682e+02
6.817500000000000000e+02
6.822000000000000455e+02
6.826499999999999773e+02
6.831000000000000227e+02
6.835500000000000682e+02
6.840000000000000000e+02
6.844500000000000455e+02
6.848999999999999773e+02
6.853500000000000227e+02
6.858000000000000682e+02
6.862500000000000000e+02
6.867000000000000455e+02
6.871499999999999773e+02
6.876000000000000227e+02
6.880500000000000682e+02
6.885000000000000000e+02
6.889500000000000455e+02
6.893999999999999773e+02
6.898500000000000227e+02
6.903000000000000682e+02
6.907500000000000000e+02
6.912000000000000455e+02
6.916499999999999773e+02
6.921000000000000227e+02
6.925500000000000682e+02
6.930000000000000000e+02
6.934500000000000455e+02
6.938999999999999773e+02
6.943500000000000227e+02
6.948000000000000682e+02
6.952500000000000000e+02
6.957000000000000455e+02
6.961499999999999773e+02
6.966000000000000227e+02
6.970500000000000682e+02
6.975000000000000000e+02
6.979500000000000455e+02
6.983999999999999773e+02
6.988500000000000227e+02
6.993000000000000682e+02
6.997500000000000000e+02
7.002000000000000455e+02
7.006499999999999773e+02
7.011000000000000227e+02
7.015500000000000682e+02
7.020000000000000000e+02
7.024500000000000455e+02
7.028999999999999773e+02
7.033500000000000227e+02
7.038000000000000682e+02
7.042500000000000000e+02
7.047000000000000455e+02
7.051499999999999773e+02
7.056000000000000227e+02
7.060500000000000682e+02
7.065000000000000000e+02
7.069500000000000455e+02
7.073999999999999773e+02
7.078500000000000227e+02
7.083000000000000682e+02
7.087500000000000000e+02
7.092000000000000455e+02
7.096499999999999773e+02
7.101000000000000227e+02
7.105500000000000682e+02
7.110000000000000000e+02
7.114500000000000455e+02
7.118999999999999773e+02
7.123500000000000227e+02
7.128000000000000682e+02
7.132500000000000000e+02
7.137000000000000455e+02
7.141499999999999773e+02
7.146000000000000227e+02
7.150500000000000682e+02
7.155000000000000000e+02
7.159500000000000455e+02
7.163999999999999773e+02
7.168500000000000227e+02
7.173000000000000682e+02
7.177500000000000000e+02
7.182000000000000455e+02
7.186499999999999773e+02
7.191000000000000227e+02
7.195500000000000682e+02
7.200000000000000000e+02
7.204500000000000455e+02
7.208999999999999773e+02
7.213500000000000227e+02
7.218000000000000682e+02
7.222500000000000000e+02
7.227000000000000455e+02
7.231499999999999773e+02
7.236000000000000227e+02
7.240500000000000682e+02
7.245000000000000000e+02
7.249500000000000455e+02
7.253999999999999773e+02
7.258500000000000227e+02
7.263000000000000682e+02
7.267500000000000000e+02
7.272000000000000455e+02
7.276499999999999773e+02
7.281000000000000227e+02
7.285500000000000682e+02
7.290000000000000000e+02
7.294500000000000455e+02
7.298999999999999773e+02
7.303500000000000227e+02
7.308000000000000682e+02
7.312500000000000000e+02
7.317000000000000455e+02
7.321499999999999773e+02
7.326000000000000227e+02
7.330500000000000682e+02
7.335000000000000000e+02
7.339500000000000455e+02
7.343999999999999773e+02
7.348500000000000227e+02
7.353000000000000682e+02
7.357500000000000000e+02
7.362000000000000455e+02
7.366499999999999773e+02
7.371000000000000227e+02
7.375500000000000682e+02
7.380000000000000000e+02
7.384500000000000455e+02
7.388999999999999773e+02
7.393500000000000227e+02
7.398000000000000682e+02
7.402500000000000000e+02
7.407000000000000455e+02
7.411499999999999773e+02
7.416000000000000227e+02
7.420500000000000682e+02
7.425000000000000000e+02
7.429500000000000455e+02
7.433999999999999773e+02
7.438500000000000227e+02
7.443000000000000682e+02
7.447500000000000000e+02
7.452000000000000455e+02
7.456499999999999773e+02
7.461000000000000227e+02
7.465500000000000682e+02
7.470000000000000000e+02
7.474500000000000455e+02
7.478999999999999773e+02
7.483500000000000227e+02
7.488000000000000682e+02
7.492500000000000000e+02
7.497000000000000455e+02
7.501499999999999773e+02
7.506000000000000227e+02
7.510500000000000682e+02
7.515000000000000000e+02
7.519500000000000455e+02
7.523999999999999773e+02
7.528500000000000227e+02
7.533000000000000682e+02
