7.192819624714621440e-01
1.060440260636769993e+00
1.252753756131911977e+00
1.327456766321610138e+00
1.319932652305350507e+00
1.267050832816343897e+00
1.199340720439885821e+00
1.136243461672166388e+00
1.085990517403239597e+00
1.048937654196658409e+00
1.021764559641084258e+00
1.000535128408532870e+00
9.821461746098630874e-01
9.646470064615577655e-01
9.470400422048949052e-01
9.289528862561141631e-01
9.103541738160487728e-01
8.913592744590328465e-01
8.721179608410070117e-01
8.527606171998942663e-01
8.333802319449784557e-01
8.140331240405985769e-01
7.947473892141464491e-01
7.755328344301248844e-01
7.563894409475730995e-01
7.373133852253009879e-01
7.183007006365268454e-01
6.993491062550031279e-01
6.804586173589627363e-01
6.616314656563071495e-01
6.428717096869168701e-01
6.241847709231358454e-01
6.055770171694401238e-01
5.870554386475196340e-01
5.686274189257988221e-01
5.503005835457399630e-01
5.320827046025100593e-01
5.139816423263627865e-01
4.960053099968751433e-01
4.781616536033394538e-01
4.604586414294437602e-01
4.429042610400225066e-01
4.255065222917474022e-01
4.082734654117291528e-01
3.912131732662796901e-01
3.743337869324581679e-01
3.576435237217755470e-01
3.411506969322327665e-01
3.248637368122622715e-01
3.087912124766713506e-01
2.929418547874886869e-01
2.773245804779014279e-01
2.619485180439158900e-01
2.468230361562189779e-01
2.319577755634247840e-01
2.173626856838269117e-01
2.030480673380341272e-01
1.890246233875767512e-01
1.753035194510776940e-01
1.618964574188074268e-01
1.488157652474057235e-01
1.360745075907729418e-01
1.236866233652851449e-01
1.116670986010240285e-01
1.000321862908656878e-01
8.879969007893576127e-02
7.798933668045870959e-02
6.762327497476774973e-02
5.772676167990016538e-02
4.832913216375661625e-02
3.946522661469727827e-02
3.117758370600727524e-02
2.352002087359241975e-02
1.656397840448557007e-02
1.041132824674528834e-02
5.227668164029739863e-03
1.425847515027776772e-03
9.167676553743427396e-05
1.469025405454704624e-06
1.000208864324747922e-06
1.000000080332002220e-06
1.000000000030574032e-06
1.000000000000012448e-06
1.000000000000002708e-06
1.000000000000002708e-06
1.000000000000002708e-06
1.000000000000002708e-06
1.000000000000002708e-06
1.000000000000002708e-06
1.000000000000002708e-06
1.000000000000002708e-06
1.000000000000002708e-06
1.000000000000002708e-06
1.000000000000002708e-06
1.000000000000002708e-06
1.000000000000002708e-06
1.000000000000002708e-06
1.000000000000002708e-06
1.000000000000002708e-06
1.000000000000002708e-06
1.000000000000002708e-06
1.000000000000002708e-06
1.000000000000002708e-06
1.000000000000002708e-06
1.000000000000002708e-06
1.000000000000002708e-06
1.000000000000002708e-06
1.000000000000002708e-06
1.000000000000002708e-06
1.000000000000002708e-06
1.000000000000002708e-06
1.000000000000002708e-06
1.000000000000002708e-06
1.000000000000002708e-06
1.000000000000002708e-06
1.000000000000002708e-06
1.000000000000002708e-06
1.000000000000002708e-06
1.000000000000002708e-06
1.000000000000002708e-06
1.000000000000002708e-06
1.000000000000002708e-06
1.000000000000002708e-06
1.000000000000002708e-06
1.000000000000002708e-06
1.000000000000002708e-06
1.000000000000002708e-06
1.000000000000002708e-06
1.000000000000002708e-06
1.000000000000002708e-06
1.000000000000002708e-06
1.000000000000002708e-06
1.000000000000002708e-06
1.000000000000002708e-06
1.000000000000002708e-06
1.000000000000002708e-06
1.000000000000002708e-06
1.000000000000002708e-06
1.000000000000002708e-06
1.000000000000002708e-06
1.000000000000002708e-06
1.000000000000002708e-06
1.000000000000002708e-06
1.000000000000002708e-06
1.000000000000002708e-06
1.000000000000002708e-06
1.000000000000002708e-06
1.000000000000002708e-06
1.000000000000002708e-06
1.000000000000002708e-06
1.000000000000002708e-06
1.000000000000002708e-06
1.000000000000002708e-06
1.000000000000002708e-06
1.000000000000002708e-06
1.000000000000002708e-06
1.000000000000002708e-06
1.000000000000002708e-06
1.000000000000002708e-06
1.000000000000002708e-06
1.000000000000002708e-06
1.000000000000002708e-06
1.000000000000002708e-06
1.000000000000002708e-06
1.000000000000002708e-06
1.000000000000002708e-06
1.000000000000002708e-06
1.000000000000002708e-06
1.000000000000002708e-06
1.000000000000002708e-06
1.000000000000002708e-06
1.000000000000002708e-06
1.000000000000002708e-06
1.000000000000002708e-06
1.000000000000002708e-06
1.000000000000002708e-06
1.000000000000002708e-06
1.000000000000002708e-06
1.000000000000002708e-06
1.000000000000002708e-06
1.000000000000002708e-06
1.000000000000002708e-06
1.000000000000002708e-06
1.000000000000002708e-06
1.000000000000002708e-06
1.000000000000002708e-06
1.000000000000002708e-06
1.000000000000002708e-06
1.000000000000002708e-06
1.000000000000002708e-06
1.000000000000002708e-06
1.000000000000002708e-06
1.000000000000002708e-06
1.000000000000002708e-06
1.000000000000002708e-06
1.000000000000002708e-06
1.000000000000002708e-06
1.000000000000002708e-06
1.000000000000002708e-06
1.000000000000002708e-06
1.000000000000002708e-06
1.000000000000002708e-06
1.000000000000002708e-06
1.000000000000002708e-06
1.000000000000002708e-06
1.000000000000002708e-06
1.000000000000002708e-06
1.000000000000002708e-06
1.000000000000002708e-06
1.000000000000002708e-06
1.000000000000002708e-06
1.000000000000002708e-06
1.000000000000002708e-06
1.000000000000002708e-06
1.000000000000002708e-06
1.000000000000002708e-06
1.000000000000002708e-06
1.000000000000002708e-06
1.000000000000002708e-06
1.000000000000002708e-06
1.000000000000002708e-06
1.000000000000002708e-06
1.000000000000002708e-06
1.000000000000002708e-06
1.000000000000002708e-06
1.000000000000002708e-06
1.000000000000002708e-06
1.000000000000002708e-06
1.000000000000002708e-06
1.000000000000002708e-06
1.000000000000002708e-06
1.000000000000002708e-06
1.000000000000002708e-06
1.000000000000002708e-06
1.000000000000002708e-06
1.000000000000002708e-06
1.000000000000002708e-06
1.000000000000002708e-06
1.000000000000002708e-06
1.000000000000002708e-06
1.000000000000002708e-06
1.000000000000002708e-06
1.000000000000002708e-06
1.000000000000002708e-06
1.000000000000002708e-06
1.000000000000002708e-06
1.000000000000002708e-06
1.000000000000002708e-06
1.000000000000002708e-06
1.000000000000002708e-06
1.000000000000002708e-06
1.000000000000002708e-06
1.000000000000002708e-06
1.000000000000002708e-06
1.000000000000002708e-06
1.000000000000002708e-06
1.000000000000002708e-06
1.000000000000002708e-06
1.000000000000002708e-06
1.000000000000002708e-06
1.000000000000002708e-06
1.000000000000002708e-06
1.000000000000002708e-06
1.000000000000002708e-06
1.000000000000002708e-06
1.000000000000002708e-06
1.000000000000002708e-06
1.000000000000002708e-06
1.000000000000002708e-06
1.000000000000002708e-06
1.000000000000002708e-06
1.000000000000002708e-06
1.000000000000002708e-06
1.000000000000002708e-06
1.000000000000002708e-06
1.000000000000002708e-06
1.000000000000002708e-06
1.000000000000002708e-06
1.000000000000002708e-06
1.000000000000002708e-06
1.000000000000002708e-06
1.000000000000002708e-06
1.000000000000002708e-06
1.000000000000002708e-06
1.000000000000002708e-06
1.000000000000002708e-06
1.000000000000002708e-06
1.000000000000002708e-06
1.000000000000002708e-06
1.000000000000002708e-06
1.000000000000002708e-06
1.000000000000002708e-06
1.000000000000002708e-06
1.000000000000002708e-06
1.000000000000002708e-06
1.000000000000002708e-06
1.000000000000002708e-06
1.000000000000002708e-06
1.000000000000002708e-06
1.000000000000002708e-06
