9.999999999999997430e-07
9.999999999999995312e-07
9.999999999999997430e-07
9.999999999999999547e-07
9.999999999999999547e-07
9.999999999999999547e-07
1.000000000000000167e-06
1.000000000000000378e-06
1.000000000000000378e-06
1.000000000000000590e-06
1.000000000000000590e-06
1.000000000000000590e-06
1.000000000000000590e-06
1.000000000000000590e-06
1.000000000000001014e-06
1.000000000000001014e-06
1.000000000000001225e-06
1.000000000000001437e-06
1.000000000000001437e-06
1.000000000000001014e-06
1.000000000000000802e-06
1.000000000000000802e-06
1.000000000000001014e-06
1.000000000000001014e-06
1.000000000000000802e-06
1.000000000000001014e-06
1.000000000000001225e-06
1.000000000000001225e-06
1.000000000000001225e-06
1.000000000000001225e-06
1.000000000000001014e-06
1.000000000000001014e-06
1.000000000000000802e-06
1.000000000000001014e-06
1.000000000000001225e-06
1.000000000000001437e-06
1.000000000000001437e-06
1.000000000000001225e-06
1.000000000000001014e-06
1.000000000000001225e-06
1.000000000000001014e-06
1.000000000000001014e-06
1.000000000000000802e-06
1.000000000000001014e-06
1.000000000000001225e-06
1.000000000000001225e-06
1.000000000000001437e-06
1.000000000000001437e-06
1.000000000000001649e-06
1.000000000000001649e-06
1.000000000000001437e-06
1.000000000000001437e-06
1.000000000000001649e-06
1.000000000000001861e-06
1.000000000000002072e-06
1.000000000000002284e-06
1.000000000000002072e-06
1.000000000000001861e-06
1.000000000000002072e-06
1.000000000000001861e-06
1.000000000000002072e-06
1.000000000000002072e-06
1.000000000000001861e-06
1.000000000000002072e-06
1.000000000000002284e-06
1.000000000000002284e-06
1.000000000000002284e-06
1.000000000000002284e-06
1.000000000000002072e-06
1.000000000000002072e-06
1.000000000000002284e-06
1.000000000000002284e-06
1.000000000000002072e-06
1.000000000000002072e-06
1.000000000000002072e-06
1.000000000000002072e-06
1.000000000000002072e-06
1.000000000000002072e-06
1.000000000000002072e-06
1.000000000000001649e-06
1.000000000000002072e-06
1.000000000000001861e-06
1.000000000000001861e-06
1.000000000000002072e-06
1.000000000000002072e-06
1.000000000000002072e-06
1.000000000000001861e-06
1.000000000000002072e-06
1.000000000000001861e-06
1.000000000000002072e-06
1.000000000000002284e-06
1.000000000000002496e-06
1.000000000000002708e-06
1.000000000000002496e-06
1.000000000000002708e-06
1.000000000000002496e-06
1.000000000000002496e-06
1.000000000000002708e-06
1.000000000000002496e-06
1.000000000000002708e-06
1.000000000000002284e-06
1.000000000000002496e-06
1.000000000000002708e-06
1.000000000000002919e-06
1.000000000000003131e-06
1.000000000000003131e-06
1.000000000000003131e-06
1.000000000000003131e-06
1.000000000000003131e-06
1.000000000000002919e-06
1.000000000000003131e-06
1.000000000000002919e-06
1.000000000000002919e-06
1.000000000000002919e-06
1.000000000000002708e-06
1.000000000000002708e-06
1.000000000000002496e-06
1.000000000000002496e-06
1.000000000000002708e-06
1.000000000000002496e-06
1.000000000000002496e-06
1.000000000000002284e-06
1.000000000000002496e-06
1.000000000000002496e-06
1.000000000000002708e-06
1.000000000000002708e-06
1.000000000000002496e-06
1.000000000000002708e-06
1.000000000000002919e-06
1.000000000000002919e-06
1.000000000000003131e-06
1.000000000000002919e-06
1.000000000000002919e-06
1.000000000000003131e-06
1.000000000000003343e-06
1.000000000000003343e-06
1.000000000000003555e-06
1.000000000000003555e-06
1.000000000000003343e-06
1.000000000000003555e-06
1.000000000000003343e-06
1.000000000000003555e-06
1.000000000000003343e-06
1.000000000000003555e-06
1.000000000000003766e-06
1.000000000000003555e-06
1.000000000000003343e-06
1.000000000000003555e-06
1.000000000000003343e-06
1.000000000000003343e-06
1.000000000000003343e-06
1.000000000000003343e-06
1.000000000000003343e-06
1.000000000000003555e-06
1.000000000000003555e-06
1.000000000000003343e-06
1.000000000000003555e-06
1.000000000000003555e-06
1.000000000000003343e-06
1.000000000000003131e-06
1.000000000000002919e-06
1.000000000000003131e-06
1.000000000000002919e-06
1.000000000000002919e-06
1.000000000000002708e-06
1.000000000000002496e-06
1.000000000000002496e-06
1.000000000000002284e-06
1.000000000000002284e-06
1.000000000000002284e-06
1.000000000000002072e-06
1.000000000000002072e-06
1.000000000000001861e-06
1.000000000000002072e-06
1.000000000000001861e-06
1.000000000000001861e-06
1.000000000000001861e-06
1.000000000000002072e-06
1.000000000000002072e-06
1.000000000000002072e-06
1.000000000000002072e-06
1.000000000000002072e-06
1.000000000000002072e-06
1.000000000000002284e-06
1.000000000000002072e-06
1.000000000000002072e-06
1.000000000000002072e-06
1.000000000000002072e-06
1.000000000000002284e-06
1.000000000000002496e-06
1.000000000000002708e-06
1.000000000000002496e-06
1.000000000000002284e-06
1.000000000000002284e-06
1.000000000000002496e-06
1.000000000000002496e-06
1.000000000000002496e-06
1.000000000000002708e-06
1.000000000000002496e-06
1.000000000000002496e-06
1.000000000000002496e-06
1.000000000000002284e-06
1.000000000000002284e-06
1.000000000000002496e-06
1.000000000000002496e-06
1.000000000000002284e-06
1.000000000000002284e-06
1.000000000000002284e-06
1.000000000000002284e-06
1.000000000000002496e-06
1.000000000000002284e-06
1.000000000000002708e-06
1.000000000000002919e-06
1.000000000000002919e-06
1.000000000000002919e-06
1.000000000000002919e-06
1.000000000000002708e-06
1.000000000000002708e-06
1.000000000000002496e-06
1.000000000000002496e-06
1.000000000000002496e-06
1.000000000000002284e-06
1.000000000000002496e-06
1.000000000000002496e-06
1.000000000000002496e-06
1.000000000000002496e-06
1.000000000000002496e-06
1.000000000000002708e-06
1.000000000000002708e-06
1.000000000000002708e-06
1.000000000000002919e-06
1.000000000000002708e-06
1.000000000000002708e-06
1.000000000000002708e-06
1.000000000000002708e-06
1.000000000000002708e-06
1.000000000000002919e-06
1.000000000000002919e-06
1.000000000000002708e-06
1.000000000000002496e-06
1.000000000000002496e-06
1.000000000000002496e-06
1.000000000000002708e-06
1.000000000000002708e-06
1.000000000000002708e-06
1.000000000000002708e-06
1.000000000000002708e-06
1.000000000000002919e-06
1.000000000000002708e-06
1.000000000000002708e-06
1.000000000000002708e-06
1.000000000000002708e-06
1.000000000000002708e-06
1.000000000000002708e-06
1.000000000000002708e-06
1.000000000000002496e-06
1.000000000000002496e-06
1.000000000000002496e-06
1.000000000000002496e-06
1.000000000000002496e-06
1.000000000000002496e-06
1.000000000000002496e-06
1.000000000000002496e-06
1.000000000000002496e-06
1.000000000000002496e-06
1.000000000000002284e-06
1.000000000000002496e-06
1.000000000000002496e-06
1.000000000000002496e-06
1.000000000000002708e-06
1.000000000000002919e-06
1.000000000000002919e-06
1.000000000000003131e-06
1.000000000000003343e-06
1.000000000000003343e-06
1.000000000000003555e-06
1.000000000000003343e-06
1.000000000000003131e-06
1.000000000000003131e-06
1.000000000000003343e-06
1.000000000000003555e-06
1.000000000000003555e-06
1.000000000000003555e-06
1.000000000000003766e-06
1.000000000000003766e-06
1.000000000000003978e-06
1.000000000000003766e-06
1.000000000000003766e-06
1.000000000000003978e-06
1.000000000000003978e-06
1.000000000000003978e-06
1.000000000000003766e-06
1.000000000000003978e-06
1.000000000000003978e-06
1.000000000000003978e-06
1.000000000000004190e-06
1.000000000000004190e-06
1.000000000000004190e-06
1.000000000000004190e-06
1.000000000000004190e-06
1.000000000000004190e-06
1.000000000000003978e-06
1.000000000000004190e-06
1.000000000000004190e-06
1.000000000000004190e-06
1.000000000000004190e-06
1.000000000000004190e-06
1.000000000000004190e-06
1.000000000000004190e-06
1.000000000000003978e-06
1.000000000000003978e-06
1.000000000000004190e-06
1.000000000000004190e-06
1.000000000000004190e-06
1.000000000000004190e-06
1.000000000000004402e-06
1.000000000000004190e-06
1.000000000000003978e-06
1.000000000000003766e-06
1.000000000000003555e-06
1.000000000000003343e-06
1.000000000000003555e-06
1.000000000000003555e-06
1.000000000000003555e-06
1.000000000000003555e-06
1.000000000000003343e-06
1.000000000000003555e-06
1.000000000000003555e-06
1.000000000000003343e-06
1.000000000000003555e-06
1.000000000000003555e-06
1.000000000000003555e-06
1.000000000000003555e-06
1.000000000000003555e-06
1.000000000000003555e-06
1.000000000000003343e-06
1.000000000000003555e-06
1.000000000000003555e-06
1.000000000000003555e-06
1.000000000000003343e-06
1.000000000000003555e-06
1.000000000000003343e-06
1.000000000000003343e-06
1.000000000000003555e-06
1.000000000000003555e-06
1.000000000000003343e-06
1.000000000000003555e-06
1.000000000000003555e-06
1.000000000000003343e-06
1.000000000000003343e-06
1.000000000000003131e-06
1.000000000000002919e-06
1.000000000000002919e-06
1.000000000000002919e-06
1.000000000000002919e-06
1.000000000000002708e-06
1.000000000000002919e-06
1.000000000000003131e-06
1.000000000000003343e-06
1.000000000000003343e-06
1.000000000000003131e-06
1.000000000000003343e-06
1.000000000000003343e-06
1.000000000000003343e-06
1.000000000000003343e-06
1.000000000000003555e-06
1.000000000000003131e-06
1.000000000000002919e-06
1.000000000000002919e-06
1.000000000000002919e-06
1.000000000000002708e-06
1.000000000000002496e-06
1.000000000000002496e-06
1.000000000000002919e-06
1.000000000000002919e-06
1.000000000000002708e-06
1.000000000000002496e-06
1.000000000000002284e-06
1.000000000000002284e-06
1.000000000000002284e-06
1.000000000000002072e-06
1.000000000000001861e-06
1.000000000000002072e-06
1.000000000000002284e-06
1.000000000000002496e-06
1.000000000000002708e-06
1.000000000000002496e-06
1.000000000000002496e-06
1.000000000000002708e-06
1.000000000000002496e-06
1.000000000000002708e-06
1.000000000000002708e-06
1.000000000000002708e-06
1.000000000000002496e-06
1.000000000000002284e-06
1.000000000000002496e-06
1.000000000000002496e-06
1.000000000000002496e-06
1.000000000000002708e-06
1.000000000000002496e-06
1.000000000000002496e-06
1.000000000000002708e-06
1.000000000000002708e-06
1.000000000000002919e-06
1.000000000000002708e-06
1.000000000000002496e-06
1.000000000000002708e-06
1.000000000000002919e-06
1.000000000000003131e-06
1.000000000000003131e-06
1.000000000000003131e-06
1.000000000000003131e-06
1.000000000000002919e-06
1.000000000000002496e-06
1.000000000000002496e-06
1.000000000000002708e-06
1.000000000000002496e-06
1.000000000000002496e-06
1.000000000000002708e-06
1.000000000000002708e-06
1.000000000000002496e-06
1.000000000000002496e-06
1.000000000000002708e-06
1.000000000000002708e-06
1.000000000000002496e-06
1.000000000000002708e-06
1.000000000000002496e-06
1.000000000000002284e-06
1.000000000000002496e-06
1.000000000000002708e-06
1.000000000000002708e-06
1.000000000000002708e-06
1.000000000000002708e-06
1.000000000000002496e-06
1.000000000000002708e-06
1.000000000000002708e-06
1.000000000000002708e-06
1.000000000000002496e-06
1.000000000000002496e-06
1.000000000000002496e-06
1.000000000000002708e-06
1.000000000000002496e-06
1.000000000000002708e-06
1.000000000000002708e-06
1.000000000000002919e-06
1.000000000000002919e-06
1.000000000000002919e-06
1.000000000000002708e-06
1.000000000000002708e-06
1.000000000000002708e-06
1.000000000000002919e-06
1.000000000000002919e-06
1.000000000000002708e-06
1.000000000000002708e-06
1.000000000000002496e-06
1.000000000000002496e-06
1.000000000000002708e-06
1.000000000000002496e-06
1.000000000000002496e-06
1.000000000000002496e-06
1.000000000000002708e-06
1.000000000000002919e-06
1.000000000000002919e-06
1.000000000000003131e-06
1.000000000000002919e-06
1.000000000000002708e-06
1.000000000000002496e-06
1.000000000000002284e-06
1.000000000000002496e-06
1.000000000000002284e-06
1.000000000000002284e-06
1.000000000000002072e-06
1.000000000000001861e-06
1.000000000000001861e-06
1.000000000000001861e-06
1.000000000000001649e-06
1.000000000000001649e-06
1.000000000000001861e-06
1.000000000000001649e-06
1.000000000000001437e-06
1.000000000000001437e-06
1.000000000000001649e-06
1.000000000000001861e-06
1.000000000000001861e-06
1.000000000000001861e-06
1.000000000000001861e-06
1.000000000000002072e-06
1.000000000000001861e-06
1.000000000000002072e-06
1.000000000000001861e-06
1.000000000000002072e-06
1.000000000000002072e-06
1.000000000000002072e-06
1.000000000000002072e-06
1.000000000000002072e-06
1.000000000000002072e-06
1.000000000000002284e-06
1.000000000000002072e-06
1.000000000000001861e-06
1.000000000000002072e-06
1.000000000000002072e-06
1.000000000000002284e-06
1.000000000000002072e-06
1.000000000000002072e-06
1.000000000000002284e-06
1.000000000000002284e-06
1.000000000000002072e-06
1.000000000000002284e-06
1.000000000000002072e-06
1.000000000000002072e-06
1.000000000000001861e-06
1.000000000000001649e-06
1.000000000000001437e-06
1.000000000000001437e-06
1.000000000000001437e-06
1.000000000000001649e-06
1.000000000000001649e-06
1.000000000000001649e-06
1.000000000000001861e-06
1.000000000000002072e-06
1.000000000000002072e-06
1.000000000000001861e-06
1.000000000000002072e-06
1.000000000000002072e-06
1.000000000000002284e-06
1.000000000000002284e-06
1.000000000000002072e-06
1.000000000000002072e-06
1.000000000000002284e-06
1.000000000000002284e-06
1.000000000000002284e-06
1.000000000000002284e-06
1.000000000000002072e-06
1.000000000000002496e-06
1.000000000000002284e-06
1.000000000000002284e-06
1.000000000000002284e-06
1.000000000000002284e-06
1.000000000000002284e-06
1.000000000000002284e-06
1.000000000000002284e-06
1.000000000000002284e-06
1.000000000000002284e-06
1.000000000000002496e-06
1.000000000000002284e-06
1.000000000000002496e-06
1.000000000000002708e-06
1.000000000000002708e-06
1.000000000000002496e-06
1.000000000000002496e-06
1.000000000000002496e-06
1.000000000000002496e-06
1.000000000000002284e-06
1.000000000000002284e-06
1.000000000000002496e-06
1.000000000000002708e-06
1.000000000000002708e-06
1.000000000000002919e-06
1.000000000000003131e-06
1.000000000000003131e-06
1.000000000000003131e-06
1.000000000000003131e-06
1.000000000000003343e-06
1.000000000000003555e-06
1.000000000000003555e-06
1.000000000000003766e-06
1.000000000000003766e-06
1.000000000000003555e-06
1.000000000000003555e-06
1.000000000000003131e-06
1.000000000000003343e-06
1.000000000000003555e-06
1.000000000000003555e-06
1.000000000000003766e-06
1.000000000000003766e-06
1.000000000000003555e-06
1.000000000000003555e-06
1.000000000000003131e-06
1.000000000000003343e-06
1.000000000000003555e-06
1.000000000000003343e-06
1.000000000000003555e-06
1.000000000000003766e-06
1.000000000000003555e-06
1.000000000000003343e-06
1.000000000000003343e-06
1.000000000000003343e-06
1.000000000000003131e-06
1.000000000000002919e-06
1.000000000000002708e-06
1.000000000000002919e-06
1.000000000000002919e-06
1.000000000000002919e-06
1.000000000000002919e-06
1.000000000000002919e-06
1.000000000000002919e-06
1.000000000000002708e-06
1.000000000000002919e-06
1.000000000000002708e-06
1.000000000000002708e-06
1.000000000000002496e-06
1.000000000000002284e-06
1.000000000000002284e-06
1.000000000000002284e-06
1.000000000000002496e-06
1.000000000000002708e-06
1.000000000000002708e-06
1.000000000000002708e-06
1.000000000000002496e-06
1.000000000000002496e-06
1.000000000000002496e-06
1.000000000000002496e-06
1.000000000000002496e-06
1.000000000000002708e-06
1.000000000000002708e-06
1.000000000000002496e-06
1.000000000000002284e-06
1.000000000000001861e-06
1.000000000000001861e-06
1.000000000000001649e-06
1.000000000000001649e-06
1.000000000000001861e-06
1.000000000000001861e-06
1.000000000000002072e-06
1.000000000000001861e-06
1.000000000000002072e-06
1.000000000000001861e-06
1.000000000000002072e-06
1.000000000000002072e-06
1.000000000000002072e-06
1.000000000000002072e-06
1.000000000000001861e-06
1.000000000000001861e-06
1.000000000000001649e-06
1.000000000000001649e-06
1.000000000000002072e-06
1.000000000000002072e-06
1.000000000000001861e-06
1.000000000000002072e-06
1.000000000000001861e-06
1.000000000000001861e-06
1.000000000000001861e-06
1.000000000000002072e-06
1.000000000000002072e-06
1.000000000000002072e-06
1.000000000000002284e-06
1.000000000000002496e-06
1.000000000000002496e-06
1.000000000000002708e-06
1.000000000000002496e-06
1.000000000000002284e-06
1.000000000000002284e-06
1.000000000000002284e-06
1.000000000000002072e-06
1.000000000000002072e-06
1.000000000000001861e-06
1.000000000000002072e-06
1.000000000000002284e-06
1.000000000000002496e-06
1.000000000000002496e-06
1.000000000000002496e-06
1.000000000000002496e-06
1.000000000000002708e-06
1.000000000000002496e-06
1.000000000000002496e-06
1.000000000000002708e-06
1.000000000000002496e-06
1.000000000000002496e-06
1.000000000000002496e-06
1.000000000000002496e-06
1.000000000000002708e-06
1.000000000000002496e-06
1.000000000000002919e-06
1.000000000000002708e-06
1.000000000000002708e-06
1.000000000000002708e-06
1.000000000000002496e-06
1.000000000000002496e-06
1.000000000000002708e-06
1.000000000000002496e-06
1.000000000000002708e-06
1.000000000000002708e-06
1.000000000000002496e-06
1.000000000000002496e-06
1.000000000000002708e-06
1.000000000000002708e-06
1.000000000000002708e-06
1.000000000000002496e-06
1.000000000000002496e-06
1.000000000000002496e-06
1.000000000000002496e-06
1.000000000000002496e-06
1.000000000000002708e-06
1.000000000000002708e-06
1.000000000000002708e-06
1.000000000000002708e-06
1.000000000000002708e-06
1.000000000000002708e-06
1.000000000000002496e-06
1.000000000000002496e-06
1.000000000000002496e-06
1.000000000000002496e-06
1.000000000000002708e-06
1.000000000000002708e-06
1.000000000000002496e-06
1.000000000000002496e-06
1.000000000000002708e-06
1.000000000000002708e-06
1.000000000000002496e-06
1.000000000000002496e-06
1.000000000000002496e-06
1.000000000000002496e-06
1.000000000000002708e-06
1.000000000000002708e-06
1.000000000000002496e-06
1.000000000000002496e-06
1.000000000000002708e-06
1.000000000000002496e-06
1.000000000000002496e-06
1.000000000000002496e-06
1.000000000000002708e-06
1.000000000000002708e-06
1.000000000000002496e-06
1.000000000000002708e-06
1.000000000000002708e-06
1.000000000000002708e-06
1.000000000000002708e-06
1.000000000000002496e-06
1.000000000000002708e-06
1.000000000000002708e-06
1.000000000000002496e-06
1.000000000000002708e-06
1.000000000000002919e-06
1.000000000000003131e-06
1.000000000000003131e-06
1.000000000000003343e-06
1.000000000000003343e-06
1.000000000000003555e-06
1.000000000000003555e-06
1.000000000000003343e-06
1.000000000000003343e-06
1.000000000000003555e-06
1.000000000000003766e-06
1.000000000000003978e-06
1.000000000000003978e-06
1.000000000000003978e-06
1.000000000000003766e-06
1.000000000000003555e-06
1.000000000000003343e-06
1.000000000000003343e-06
1.000000000000003131e-06
1.000000000000003131e-06
1.000000000000002919e-06
1.000000000000002708e-06
1.000000000000002708e-06
1.000000000000002708e-06
1.000000000000002496e-06
1.000000000000002496e-06
1.000000000000002708e-06
1.000000000000002496e-06
1.000000000000002708e-06
1.000000000000002708e-06
1.000000000000002708e-06
1.000000000000002708e-06
1.000000000000002496e-06
1.000000000000002496e-06
1.000000000000002708e-06
1.000000000000002708e-06
1.000000000000002496e-06
1.000000000000002496e-06
1.000000000000002496e-06
1.000000000000002496e-06
1.000000000000002496e-06
1.000000000000002919e-06
1.000000000000003131e-06
1.000000000000003343e-06
1.000000000000003343e-06
1.000000000000003343e-06
1.000000000000003343e-06
1.000000000000003343e-06
1.000000000000003131e-06
1.000000000000003131e-06
1.000000000000003343e-06
1.000000000000003555e-06
1.000000000000003343e-06
1.000000000000003343e-06
1.000000000000003343e-06
1.000000000000003766e-06
1.000000000000003766e-06
1.000000000000003555e-06
1.000000000000003766e-06
1.000000000000003766e-06
1.000000000000003343e-06
1.000000000000003555e-06
1.000000000000003766e-06
1.000000000000003555e-06
1.000000000000003343e-06
1.000000000000003131e-06
1.000000000000002919e-06
1.000000000000002919e-06
1.000000000000002919e-06
1.000000000000002919e-06
1.000000000000002919e-06
1.000000000000002919e-06
1.000000000000002708e-06
1.000000000000002496e-06
1.000000000000002708e-06
1.000000000000002496e-06
1.000000000000002708e-06
1.000000000000002496e-06
1.000000000000002496e-06
1.000000000000002708e-06
1.000000000000002708e-06
1.000000000000002496e-06
1.000000000000002708e-06
1.000000000000002496e-06
1.000000000000002708e-06
1.000000000000002496e-06
1.000000000000002708e-06
1.000000000000002496e-06
1.000000000000002708e-06
1.000000000000002708e-06
1.000000000000002496e-06
1.000000000000002708e-06
1.000000000000002496e-06
1.000000000000002284e-06
1.000000000000002284e-06
1.000000000000002072e-06
1.000000000000002072e-06
1.000000000000002284e-06
1.000000000000002284e-06
1.000000000000002496e-06
1.000000000000002284e-06
1.000000000000002284e-06
1.000000000000002284e-06
1.000000000000002496e-06
1.000000000000002919e-06
1.000000000000002708e-06
1.000000000000002919e-06
1.000000000000003131e-06
1.000000000000003131e-06
1.000000000000003131e-06
1.000000000000002919e-06
1.000000000000003131e-06
1.000000000000002919e-06
1.000000000000002919e-06
1.000000000000002708e-06
1.000000000000003131e-06
1.000000000000002919e-06
1.000000000000002919e-06
1.000000000000002708e-06
1.000000000000002708e-06
1.000000000000002496e-06
1.000000000000002708e-06
1.000000000000002708e-06
1.000000000000002496e-06
1.000000000000002708e-06
1.000000000000002496e-06
1.000000000000002496e-06
1.000000000000002708e-06
1.000000000000002919e-06
1.000000000000002708e-06
1.000000000000002496e-06
1.000000000000002496e-06
1.000000000000002708e-06
1.000000000000002919e-06
1.000000000000002919e-06
1.000000000000002919e-06
1.000000000000002708e-06
1.000000000000002496e-06
1.000000000000002496e-06
1.000000000000002708e-06
1.000000000000002496e-06
1.000000000000002708e-06
1.000000000000002708e-06
1.000000000000002919e-06
1.000000000000002919e-06
1.000000000000002708e-06
1.000000000000002496e-06
1.000000000000002496e-06
1.000000000000002284e-06
1.000000000000002072e-06
1.000000000000002072e-06
1.000000000000002496e-06
1.000000000000002496e-06
1.000000000000002284e-06
1.000000000000002284e-06
1.000000000000002284e-06
1.000000000000002284e-06
1.000000000000002284e-06
1.000000000000002284e-06
1.000000000000002496e-06
1.000000000000002284e-06
1.000000000000002284e-06
1.000000000000002072e-06
1.000000000000002072e-06
1.000000000000002072e-06
1.000000000000002072e-06
1.000000000000001861e-06
1.000000000000001861e-06
1.000000000000001861e-06
1.000000000000001861e-06
1.000000000000002072e-06
1.000000000000001861e-06
1.000000000000001649e-06
1.000000000000001861e-06
1.000000000000002072e-06
1.000000000000002072e-06
1.000000000000001861e-06
1.000000000000002072e-06
1.000000000000002072e-06
1.000000000000002072e-06
1.000000000000002072e-06
1.000000000000002284e-06
1.000000000000002072e-06
1.000000000000002072e-06
1.000000000000002072e-06
1.000000000000002284e-06
1.000000000000002496e-06
1.000000000000002496e-06
1.000000000000002496e-06
1.000000000000002708e-06
1.000000000000002496e-06
1.000000000000002496e-06
1.000000000000002708e-06
1.000000000000002708e-06
1.000000000000002496e-06
1.000000000000002708e-06
1.000000000000002708e-06
1.000000000000002708e-06
1.000000000000002708e-06
1.000000000000002496e-06
1.000000000000002284e-06
1.000000000000002284e-06
1.000000000000002496e-06
1.000000000000002496e-06
1.000000000000002496e-06
1.000000000000002708e-06
1.000000000000002708e-06
1.000000000000002708e-06
1.000000000000002708e-06
1.000000000000002919e-06
1.000000000000003131e-06
1.000000000000003131e-06
1.000000000000003555e-06
1.000000000000003766e-06
1.000000000000003766e-06
1.000000000000003978e-06
1.000000000000003978e-06
1.000000000000003978e-06
1.000000000000003978e-06
1.000000000000004190e-06
1.000000000000003978e-06
1.000000000000003555e-06
1.000000000000003555e-06
1.000000000000003343e-06
1.000000000000003555e-06
1.000000000000003343e-06
1.000000000000003343e-06
1.000000000000003131e-06
1.000000000000003131e-06
1.000000000000003131e-06
1.000000000000003131e-06
1.000000000000003343e-06
1.000000000000003343e-06
1.000000000000003555e-06
1.000000000000003555e-06
1.000000000000003343e-06
1.000000000000003555e-06
1.000000000000003555e-06
1.000000000000003555e-06
1.000000000000003343e-06
1.000000000000003131e-06
1.000000000000003343e-06
1.000000000000003343e-06
1.000000000000003555e-06
1.000000000000003555e-06
1.000000000000003343e-06
1.000000000000003131e-06
1.000000000000002919e-06
1.000000000000002919e-06
1.000000000000002919e-06
1.000000000000002708e-06
1.000000000000002919e-06
1.000000000000002919e-06
1.000000000000002919e-06
1.000000000000002708e-06
1.000000000000002708e-06
1.000000000000002284e-06
1.000000000000002496e-06
1.000000000000002496e-06
1.000000000000002919e-06
1.000000000000002708e-06
1.000000000000002496e-06
1.000000000000002496e-06
1.000000000000002708e-06
1.000000000000002496e-06
1.000000000000002284e-06
1.000000000000002496e-06
1.000000000000002496e-06
1.000000000000002496e-06
1.000000000000002496e-06
1.000000000000002284e-06
1.000000000000002284e-06
1.000000000000002496e-06
1.000000000000002708e-06
1.000000000000002708e-06
1.000000000000002708e-06
1.000000000000002708e-06
1.000000000000002496e-06
1.000000000000002496e-06
1.000000000000002284e-06
1.000000000000002284e-06
1.000000000000002284e-06
1.000000000000002496e-06
1.000000000000002708e-06
1.000000000000002708e-06
1.000000000000002708e-06
1.000000000000002708e-06
1.000000000000002496e-06
1.000000000000002496e-06
1.000000000000002496e-06
1.000000000000002708e-06
1.000000000000002708e-06
1.000000000000002708e-06
1.000000000000002708e-06
1.000000000000002496e-06
1.000000000000002496e-06
1.000000000000002708e-06
1.000000000000002496e-06
1.000000000000002708e-06
1.000000000000002919e-06
1.000000000000003131e-06
1.000000000000003555e-06
1.000000000000003343e-06
1.000000000000003131e-06
1.000000000000003131e-06
1.000000000000003131e-06
1.000000000000002919e-06
1.000000000000002708e-06
1.000000000000002708e-06
1.000000000000002496e-06
1.000000000000002708e-06
1.000000000000002919e-06
1.000000000000002919e-06
1.000000000000003131e-06
1.000000000000003343e-06
1.000000000000003343e-06
1.000000000000003131e-06
1.000000000000003131e-06
1.000000000000003131e-06
1.000000000000003131e-06
1.000000000000002919e-06
1.000000000000002919e-06
1.000000000000002708e-06
1.000000000000002708e-06
1.000000000000002708e-06
1.000000000000002708e-06
1.000000000000002496e-06
1.000000000000002708e-06
1.000000000000002496e-06
1.000000000000002496e-06
1.000000000000002496e-06
1.000000000000002708e-06
1.000000000000002708e-06
1.000000000000002496e-06
1.000000000000002708e-06
1.000000000000002496e-06
1.000000000000002708e-06
1.000000000000002708e-06
1.000000000000002496e-06
1.000000000000002496e-06
1.000000000000002708e-06
1.000000000000002708e-06
1.000000000000002496e-06
1.000000000000002496e-06
1.000000000000002496e-06
1.000000000000002708e-06
1.000000000000002708e-06
1.000000000000002708e-06
1.000000000000002496e-06
1.000000000000002708e-06
1.000000000000002496e-06
1.000000000000002708e-06
1.000000000000002708e-06
1.000000000000002708e-06
1.000000000000002919e-06
1.000000000000002919e-06
1.000000000000002919e-06
1.000000000000002708e-06
1.000000000000002919e-06
1.000000000000002919e-06
1.000000000000002919e-06
1.000000000000002708e-06
1.000000000000002496e-06
1.000000000000002284e-06
1.000000000000002284e-06
1.000000000000002284e-06
1.000000000000002284e-06
1.000000000000002496e-06
1.000000000000002708e-06
1.000000000000002708e-06
1.000000000000002919e-06
1.000000000000002919e-06
1.000000000000003131e-06
1.000000000000003343e-06
1.000000000000003343e-06
1.000000000000003131e-06
1.000000000000003343e-06
1.000000000000003343e-06
1.000000000000003555e-06
1.000000000000003343e-06
1.000000000000003131e-06
1.000000000000003343e-06
1.000000000000003343e-06
1.000000000000003343e-06
1.000000000000003131e-06
1.000000000000002919e-06
1.000000000000002919e-06
1.000000000000002708e-06
1.000000000000002496e-06
1.000000000000002496e-06
1.000000000000002284e-06
1.000000000000002284e-06
1.000000000000002284e-06
1.000000000000002496e-06
1.000000000000002496e-06
1.000000000000002496e-06
1.000000000000002708e-06
1.000000000000002708e-06
1.000000000000002708e-06
1.000000000000002919e-06
1.000000000000002708e-06
1.000000000000002919e-06
1.000000000000003131e-06
1.000000000000002919e-06
1.000000000000002919e-06
1.000000000000002708e-06
1.000000000000002708e-06
1.000000000000002708e-06
1.000000000000002708e-06
1.000000000000002708e-06
1.000000000000002284e-06
1.000000000000002496e-06
1.000000000000002284e-06
1.000000000000002284e-06
1.000000000000002284e-06
1.000000000000002496e-06
1.000000000000002496e-06
1.000000000000002496e-06
1.000000000000002496e-06
1.000000000000002496e-06
1.000000000000002708e-06
1.000000000000002708e-06
1.000000000000002496e-06
1.000000000000002496e-06
1.000000000000002708e-06
1.000000000000002708e-06
1.000000000000002708e-06
1.000000000000002919e-06
1.000000000000002919e-06
1.000000000000003131e-06
1.000000000000003343e-06
1.000000000000003343e-06
1.000000000000003555e-06
1.000000000000003343e-06
1.000000000000003343e-06
1.000000000000003555e-06
1.000000000000003555e-06
1.000000000000003555e-06
1.000000000000003343e-06
1.000000000000003555e-06
1.000000000000003555e-06
1.000000000000003343e-06
1.000000000000003555e-06
1.000000000000003555e-06
1.000000000000003343e-06
1.000000000000003555e-06
1.000000000000003766e-06
1.000000000000003766e-06
1.000000000000003555e-06
1.000000000000003343e-06
1.000000000000003555e-06
1.000000000000003555e-06
1.000000000000003555e-06
1.000000000000003343e-06
1.000000000000003343e-06
1.000000000000003343e-06
1.000000000000003343e-06
1.000000000000003555e-06
1.000000000000003555e-06
1.000000000000003766e-06
1.000000000000003766e-06
1.000000000000003555e-06
1.000000000000003555e-06
1.000000000000003555e-06
1.000000000000003131e-06
1.000000000000003131e-06
1.000000000000003131e-06
1.000000000000002919e-06
1.000000000000002496e-06
1.000000000000002496e-06
1.000000000000002708e-06
1.000000000000002919e-06
1.000000000000002708e-06
1.000000000000002708e-06
1.000000000000002919e-06
1.000000000000003131e-06
1.000000000000002919e-06
1.000000000000002919e-06
1.000000000000002919e-06
1.000000000000002708e-06
1.000000000000002496e-06
1.000000000000002496e-06
1.000000000000002496e-06
1.000000000000002496e-06
1.000000000000002284e-06
1.000000000000002072e-06
1.000000000000001861e-06
1.000000000000001861e-06
1.000000000000001861e-06
1.000000000000001649e-06
1.000000000000001649e-06
1.000000000000001649e-06
1.000000000000001649e-06
1.000000000000001861e-06
1.000000000000001861e-06
1.000000000000001861e-06
1.000000000000001861e-06
1.000000000000002072e-06
1.000000000000002072e-06
1.000000000000002284e-06
1.000000000000002072e-06
1.000000000000002072e-06
1.000000000000002284e-06
1.000000000000002072e-06
1.000000000000002072e-06
1.000000000000002072e-06
1.000000000000002072e-06
1.000000000000002284e-06
1.000000000000002496e-06
1.000000000000002496e-06
1.000000000000002284e-06
1.000000000000002072e-06
1.000000000000002072e-06
1.000000000000002284e-06
1.000000000000002284e-06
1.000000000000002284e-06
1.000000000000002708e-06
1.000000000000002708e-06
1.000000000000002496e-06
1.000000000000002708e-06
1.000000000000002708e-06
1.000000000000002284e-06
1.000000000000002284e-06
1.000000000000002284e-06
1.000000000000002284e-06
1.000000000000002284e-06
1.000000000000002284e-06
1.000000000000002284e-06
1.000000000000002496e-06
1.000000000000002496e-06
1.000000000000002496e-06
1.000000000000002284e-06
1.000000000000002284e-06
1.000000000000002496e-06
1.000000000000002708e-06
1.000000000000002708e-06
1.000000000000002496e-06
1.000000000000002496e-06
1.000000000000002708e-06
1.000000000000002496e-06
1.000000000000002496e-06
1.000000000000002284e-06
1.000000000000002496e-06
1.000000000000002708e-06
1.000000000000002919e-06
1.000000000000002708e-06
1.000000000000002919e-06
1.000000000000002919e-06
1.000000000000002919e-06
1.000000000000002708e-06
1.000000000000002708e-06
1.000000000000002708e-06
1.000000000000002708e-06
1.000000000000002919e-06
1.000000000000002919e-06
1.000000000000003131e-06
1.000000000000003343e-06
1.000000000000003131e-06
1.000000000000003343e-06
1.000000000000003343e-06
1.000000000000003555e-06
1.000000000000003131e-06
1.000000000000003131e-06
1.000000000000003131e-06
1.000000000000003131e-06
1.000000000000003131e-06
1.000000000000002919e-06
1.000000000000002919e-06
1.000000000000003131e-06
1.000000000000003343e-06
1.000000000000003555e-06
1.000000000000003555e-06
1.000000000000003343e-06
1.000000000000003131e-06
1.000000000000003131e-06
1.000000000000003555e-06
1.000000000000003555e-06
1.000000000000003766e-06
1.000000000000003766e-06
1.000000000000003555e-06
1.000000000000003555e-06
1.000000000000003766e-06
1.000000000000003978e-06
1.000000000000004190e-06
1.000000000000004613e-06
1.000000000000004825e-06
1.000000000000004825e-06
1.000000000000004825e-06
1.000000000000004825e-06
1.000000000000005037e-06
1.000000000000005037e-06
1.000000000000005249e-06
1.000000000000005037e-06
1.000000000000005037e-06
1.000000000000005037e-06
1.000000000000005249e-06
1.000000000000005672e-06
1.000000000000005884e-06
1.000000000000006096e-06
1.000000000000006731e-06
1.000000000000007578e-06
1.000000000000008425e-06
1.000000000000010119e-06
1.000000000000012448e-06
1.000000000000015201e-06
1.000000000000018378e-06
1.000000000000022613e-06
1.000000000000027907e-06
1.000000000000034260e-06
1.000000000000041671e-06
1.000000000000050353e-06
1.000000000000060094e-06
1.000000000000070894e-06
1.000000000000082540e-06
1.000000000000095246e-06
1.000000000000108587e-06
1.000000000000122563e-06
1.000000000000136751e-06
1.000000000000151574e-06
1.000000000000166608e-06
1.000000000000181432e-06
1.000000000000196466e-06
1.000000000000211925e-06
1.000000000000227595e-06
1.000000000000243053e-06
1.000000000000258935e-06
1.000000000000275664e-06
1.000000000000293028e-06
1.000000000000311239e-06
1.000000000000330298e-06
1.000000000000350838e-06
1.000000000000372861e-06
1.000000000000397425e-06
1.000000000000424742e-06
1.000000000000455870e-06
1.000000000000491234e-06
1.000000000000532103e-06
1.000000000000580172e-06
1.000000000000637135e-06
1.000000000000705745e-06
1.000000000000789601e-06
1.000000000000892727e-06
1.000000000001021476e-06
1.000000000001183895e-06
1.000000000001391418e-06
1.000000000001659292e-06
1.000000000002008482e-06
1.000000000002467150e-06
1.000000000003074049e-06
1.000000000003881271e-06
1.000000000004957639e-06
1.000000000006393995e-06
1.000000000008305536e-06
1.000000000010836259e-06
1.000000000014159381e-06
1.000000000018477131e-06
1.000000000024013974e-06
1.000000000031006866e-06
1.000000000039691072e-06
1.000000000050281101e-06
1.000000000062950173e-06
1.000000000077812001e-06
1.000000000094906185e-06
1.000000000114190584e-06
1.000000000135543014e-06
1.000000000158773104e-06
1.000000000183637757e-06
1.000000000209866979e-06
1.000000000237184003e-06
1.000000000265331331e-06
1.000000000294084712e-06
1.000000000323270714e-06
1.000000000352772025e-06
1.000000000382532951e-06
1.000000000412559845e-06
1.000000000442909248e-06
1.000000000473722612e-06
1.000000000505188827e-06
1.000000000537560097e-06
1.000000000571154906e-06
1.000000000606367125e-06
1.000000000643679773e-06
1.000000000683681751e-06
1.000000000727094731e-06
1.000000000774808308e-06
1.000000000827927862e-06
1.000000000887837655e-06
1.000000000956287235e-06
1.000000001035507050e-06
1.000000001128366213e-06
1.000000001238586587e-06
1.000000001371037553e-06
1.000000001532140467e-06
1.000000001730312507e-06
1.000000001977028428e-06
1.000000002287607458e-06
1.000000002682728846e-06
1.000000003190367762e-06
1.000000003848368154e-06
1.000000004707785782e-06
1.000000005837111094e-06
1.000000007327390390e-06
1.000000009298120327e-06
1.000000011903533745e-06
1.000000015338569984e-06
1.000000019843437422e-06
1.000000025705325757e-06
1.000000033255638324e-06
1.000000042861217045e-06
1.000000054908564959e-06
1.000000069781046003e-06
1.000000087830410725e-06
1.000000109345490796e-06
1.000000134522212346e-06
1.000000163439705196e-06
1.000000196046936455e-06
1.000000232162849021e-06
1.000000271490695489e-06
1.000000313644732818e-06
1.000000358185356626e-06
1.000000404657652624e-06
1.000000452628431643e-06
1.000000501717879453e-06
1.000000551623590468e-06
1.000000602136462958e-06
1.000000653149336244e-06
1.000000704660175117e-06
1.000000756752294586e-06
1.000000809653672508e-06
1.000000863676107431e-06
1.000000919238599658e-06
1.000000976874933684e-06
1.000001037247292974e-06
1.000001101167505879e-06
1.000001169627835074e-06
1.000001243843786393e-06
1.000001325305671529e-06
1.000001415862054764e-06
1.000001517823842514e-06
1.000001634102659499e-06
1.000001768397302513e-06
1.000001925444750375e-06
1.000002111359429632e-06
1.000002334093402274e-06
1.000002604062163620e-06
1.000002934996515002e-06
1.000003344870288463e-06
1.000003858072411550e-06
1.000004506974363805e-06
1.000005334905807750e-06
1.000006399841244092e-06
1.000007779134474007e-06
1.000009575427782621e-06
1.000011923750601323e-06
1.000014999615686486e-06
1.000019027601056109e-06
1.000024289479792361e-06
1.000031130477924588e-06
1.000039961808522135e-06
1.000051257400143306e-06
1.000065542873839749e-06
1.000083375446325065e-06
1.000105314574906429e-06
1.000131884718638212e-06
1.000163533354714881e-06
1.000200589032702554e-06
1.000243225354453815e-06
1.000291436895366169e-06
1.000345031926411325e-06
1.000403644381259557e-06
1.000466764309592367e-06
1.000533782886282476e-06
1.000604045775583980e-06
1.000676907850110418e-06
1.000751783004962469e-06
1.000828184690231875e-06
1.000905755165255533e-06
1.000984283728337459e-06
1.001063715874913694e-06
1.001144156330013054e-06
1.001225842050783626e-06
1.001309226618826240e-06
1.001394898806829351e-06
1.001483620897293283e-06
1.001576346536379623e-06
1.001674249112846974e-06
1.001778763335083720e-06
1.001891643335773559e-06
1.002015047681638701e-06
1.002151646146920034e-06
1.002304754923758259e-06
1.002478527835997237e-06
1.002678207468183046e-06
1.002910460216317603e-06
1.003183824762132679e-06
1.003509314211625799e-06
1.003901226369426680e-06
1.004378235042738107e-06
1.004964540472221105e-06
1.005692671474013986e-06
1.006605350813276943e-06
1.007759174232304755e-06
1.009229085080199787e-06
1.011114050665502861e-06
1.013544044906969012e-06
1.016688277865983698e-06
1.020764318785378673e-06
1.026047307611532143e-06
1.032877848663954820e-06
1.041666505969483058e-06
1.052892247064899292e-06
1.067091983080465326e-06
1.084838842913713975e-06
1.106708233362918080e-06
1.133233065666779033e-06
1.164852388559946097e-06
1.201860307431131715e-06
1.244363571450539356e-06
1.292255847980809654e-06
1.345214290384321517e-06
1.402720054364282865e-06
1.464099993275697117e-06
1.528583082937959290e-06
1.595363111367522853e-06
1.663659144510106191e-06
1.732766951946587510e-06
1.802097243019861574e-06
1.871199418793467411e-06
1.939771945056348681e-06
2.007662047380171607e-06
2.074858166128579922e-06
2.141478639418607781e-06
2.207737457073020469e-06
2.274002916099006025e-06
2.340719571316831235e-06
2.408430023143590565e-06
2.477777943659925009e-06
2.549517092560402148e-06
2.624526878194399052e-06
2.703835117022333789e-06
2.788648856672551842e-06
2.880394433192313762e-06
2.980768317858165566e-06
3.091800762475956068e-06
3.215934762063491142e-06
3.356123397115219350e-06
3.515949147439667020e-06
3.699769196568332205e-06
3.912890913451281172e-06
4.161781352489379025e-06
4.454160431097792274e-06
4.799702480822354293e-06
5.209963193436492895e-06
5.698833239798368734e-06
6.282867173803498683e-06
6.981568911758736308e-06
7.817576513575681863e-06
8.816669426355057217e-06
1.000750484831532931e-05
1.142098300976390099e-05
1.308915224654748458e-05
1.504360183657719678e-05
1.731335819000671302e-05
1.992239501061416701e-05
2.288697661874922361e-05
2.621315118509197028e-05
2.989476679702367901e-05
3.391237133754978328e-05
3.823326506445029948e-05
4.281281293924215731e-05
4.759692504391029640e-05
5.252542423280080790e-05
5.753588560952217610e-05
6.256748179321963113e-05
6.756440645650195205e-05
7.247855819348097278e-05
7.727131447277587619e-05
8.191437519356239148e-05
8.638977826273789456e-05
9.068926950049884732e-05
9.481324320357158186e-05
9.876946504225996568e-05
1.025717580778504436e-04
1.062387887925667540e-04
1.097918469601792972e-04
1.132578343741538648e-04
1.166648041287544348e-04
1.200430644476185496e-04
1.234251623658589626e-04
1.268460922414427401e-04
1.303437093958170951e-04
1.339593316030570887e-04
1.377385145136544344e-04
1.417319900151041054e-04
1.459967578990486038e-04
1.505973201198408543e-04
1.556070425618565349e-04
1.611096207127583381e-04
1.672006119648704596e-04
1.739889772556186610e-04
1.815985470951999724e-04
1.901692904756852954e-04
1.998532743043427481e-04
2.108289859523573904e-04
2.232875369663564892e-04
2.374350930691626529e-04
2.534895200182180736e-04
2.716750411833151438e-04
2.922145664502768798e-04
3.153194928679954340e-04
3.411770280874574525e-04
3.699354526548815692e-04
4.016881917820536510e-04
4.364580483234808787e-04
4.741833562277118080e-04
5.147080265108176355e-04
5.577773650120448640e-04
6.030410821364423028e-04
6.500641127130427858e-04
6.983448379602634004e-04
7.473392457108058362e-04
7.964886996786470870e-04
8.452484971179194699e-04
8.931143711430581007e-04
9.396445215732850001e-04
9.844755194450228661e-04
1.027331349682971632e-03
1.068025750963759067e-03
1.106458735588253988e-03
1.142608641464037088e-03
1.176521265360473646e-03
1.208297586702992499e-03
1.238081381047164992e-03
1.266047718179023592e-03
1.292393010068237664e-03
1.317326969729588036e-03
1.341058518297671715e-03
1.363817351046194958e-03
1.385824613575652436e-03
1.407301646937451434e-03
1.428470532608520699e-03
1.449555674051887164e-03
1.470786192210048627e-03
1.492398936871162929e-03
1.514641714904834281e-03
1.537775308857823771e-03
1.562079782636743895e-03
1.587857392929942300e-03
1.615435875040336765e-03
1.645171081859798197e-03
1.677448622589340329e-03
1.712684082760094042e-03
1.751321347813551308e-03
1.793828510836863611e-03
1.840667356818263996e-03
1.892350719849701874e-03
1.949363104562513993e-03
2.012163302338922533e-03
2.081162309406419005e-03
2.156697945085214903e-03
2.239007234511765365e-03
2.328198193427513663e-03
2.424223211111173337e-03
2.526856667285288290e-03
2.635679617496734881e-03
2.750074224087391359e-03
2.869230023732157690e-03
2.992163111418730086e-03
3.117747985047047976e-03
3.244760325663263896e-03
3.371927632178265289e-03
3.497983631015359838e-03
3.621721922586447831e-03
3.742044482648979736e-03
3.858001360853912081e-03
3.968819061724641190e-03
4.073916444868724666e-03
4.172908321342738355e-03
4.265598065790001704e-03
4.351961385622020104e-03
4.432123837452342334e-03
4.506334771130382499e-03
4.574940175669813328e-03
4.638356489111107248e-03
4.697046912687751624e-03
4.751501225808063208e-03
4.802219599577688645e-03
4.849700495840100940e-03
4.894416779247435199e-03
4.936860729790213884e-03
4.977489498615214093e-03
5.016744272085623194e-03
5.055052734523723945e-03
5.092832939658196133e-03
5.130498178922481695e-03
5.168462487448886346e-03
5.207146465396887865e-03
5.246986146437955870e-03
5.288435277242434923e-03
5.331970233587887860e-03
5.378094179075519100e-03
5.427339327898541427e-03
5.480267101133145732e-03
5.537465581675651317e-03
5.599543658860877543e-03
5.667121297432829892e-03
5.740815488058162268e-03
5.821181626333089484e-03
5.908807575739530131e-03
6.004173100521151100e-03
6.107656696477185322e-03
6.219504340871717836e-03
6.339798896951903164e-03
6.468432607455255022e-03
6.605085325401328401e-03
6.749211091158009712e-03
6.900035324802151863e-03
7.056564251723537393e-03
7.217607253038882398e-03
7.381811714356754581e-03
7.547708760780236746e-03
7.713767160838305194e-03
7.878451806926563619e-03
8.040282661153247759e-03
8.197889973748536535e-03
8.350061955343376224e-03
8.495781866413950126e-03
8.634252568835437333e-03
8.764907815910369382e-03
8.887410773373370654e-03
9.001641313318018561e-03
9.107674392633087132e-03
9.205752257772989791e-03
9.296253305703520639e-03
9.379660222704692962e-03
9.456529597532119247e-03
9.527464656574009816e-03
9.593092186005611199e-03
9.654044162963214618e-03
9.710944164314732827e-03
9.764398282761644482e-03
9.814974337915543384e-03
9.863250658865443596e-03
9.909763347397095717e-03
9.955028707707145805e-03
9.999548133121653054e-03
1.004381411137226024e-02
1.008831692775014402e-02
1.013355169034323155e-02
1.018002532067707744e-02
1.022826314325119348e-02
1.027881466953999359e-02
1.033225811092795474e-02
1.038920308004317138e-02
1.045029086498691639e-02
1.051619160467779507e-02
1.058759767861904358e-02
1.066521267582200630e-02
1.074973544954790396e-02
1.084179305758557754e-02
1.094204910846896875e-02
1.105104272575508847e-02
1.116919692026357297e-02
1.129678330946290096e-02
1.143388766796329253e-02
1.158037907482887922e-02
1.173588565476811965e-02
1.189977985407327313e-02
1.207117579600338816e-02
1.224894051280483141e-02
1.243171979326097507e-02
1.261797811084448481e-02
1.280605075076934364e-02
1.299420500590611066e-02
1.318070633479279628e-02
1.336388481406968268e-02
1.354219716033505834e-02
1.371428005612695261e-02
1.387899142709392297e-02
1.403543755183149673e-02
1.418298526969844972e-02
1.432125990161273697e-02
1.445013065096537909e-02
1.456968608792219219e-02
1.468020278096108903e-02
1.478211022552364078e-02
1.487595498333714288e-02
1.496236647381812834e-02
1.504202625209945764e-02
1.511564196396769644e-02
1.518392656621034807e-02
1.524758289634268495e-02
1.530729329655652199e-02
1.536369581155580186e-02
1.541743962929160126e-02
1.546912487279667597e-02
1.551932790296369977e-02
1.556860665316523243e-02
1.561750722342189132e-02
1.566657126175032694e-02
1.571634371329997532e-02
1.576738054289641283e-02
1.582025602982621224e-02
1.587556919575115050e-02
1.593394886264469165e-02
1.599605675751014297e-02
1.606258799944444010e-02
1.613426824266787213e-02
1.621184673131636708e-02
1.629608457562336729e-02
1.638773771140505930e-02
1.648748443829663873e-02
1.659604314618724763e-02
1.671399800795365931e-02
1.684180830204901058e-02
1.697977042310496940e-02
1.712798078845522570e-02
1.728630262554248231e-02
1.745433986358447750e-02
1.763142127854752314e-02
1.781659760151717634e-02
1.800865349036093882e-02
1.820613513129458808e-02
1.840739288444054322e-02
1.861063696596617148e-02
1.881400284623621286e-02
1.901562201602235297e-02
1.921369317870245258e-02
1.940654885616993966e-02
1.959271286561884221e-02
1.977094506993163150e-02
1.994027109382779522e-02
2.009999615383133847e-02
2.024970358129031880e-02
2.038923985138939299e-02
2.051868883946048050e-02
2.063833854155713160e-02
2.074864361528996892e-02
2.085018687007041821e-02
2.094364235163585081e-02
2.102974202970823991e-02
2.110924741333729260e-02
2.118292677223681045e-02
2.125153809481287667e-02
2.131581749711316393e-02
2.137645280804615494e-02
2.143414411295493580e-02
2.148953743418756737e-02
2.154325212586141736e-02
2.159588641193174036e-02
2.164802431830954721e-02
2.170024348677701206e-02
2.175312341838310168e-02
2.180725193785984159e-02
2.186323181276532759e-02
2.192169195263093603e-02
2.198329146137233472e-02
2.204872316272484326e-02
2.211871446325358592e-02
2.219402480198204991e-02
2.227543891082105557e-02
2.236375515644388468e-02
2.245976838034624903e-02
2.256419484451160570e-02
2.267779578450712652e-02
2.280119596073770447e-02
2.293489368417727173e-02
2.307922122527519132e-02
2.323430584102215493e-02
2.340003448999657815e-02
2.357602558239542748e-02
2.376161106982893970e-02
2.395583176048800278e-02
2.415744793830938014e-02
2.436496621606717983e-02
2.457668216618923498e-02
2.479073680239540084e-02
2.500518361143851814e-02
2.521806173978665896e-02
2.542747027824136460e-02
2.563163845512686154e-02
2.582898696825747242e-02
2.601817660041643235e-02
2.619814154565655584e-02
2.636810634972099401e-02
2.652758684509660958e-02
2.667637676176760550e-02
2.681452268207322118e-02
2.694229060416307789e-02
2.706012756887624798e-02
2.716862163169321553e-02
2.726846300818790841e-02
2.736040859286504798e-02
2.744525135359292961e-02
2.752379542871087256e-02
2.759683716845008281e-02
2.766515190553823014e-02
2.772946425590423411e-02
2.779051373555877294e-02
2.784898140793422641e-02
2.790551900226025811e-02
2.796075421336216560e-02
2.801529757610567162e-02
2.806975036820750016e-02
2.812471306318185815e-02
2.818079444743920581e-02
2.823862406194908858e-02
2.829885326106179252e-02
2.836216331376580774e-02
2.842926971555835222e-02
2.850092387668250529e-02
2.857791140833063070e-02
2.866104618838018897e-02
2.875115941656863558e-02
2.884908299651204808e-02
2.895557355371934649e-02
2.907143920790817779e-02
2.919735452605417766e-02
2.933387037246517476e-02
2.948137261914783938e-02
2.964004089470453560e-02
2.980981052101893888e-02
2.999034113806043136e-02
3.018099554462785536e-02
3.038083191767340999e-02
3.058861179318104334e-02
3.080282503535531485e-02
3.102173158892739327e-02
3.124341825700376399e-02
3.146586726398354489e-02
3.168703214555146364e-02
3.190491572511916507e-02
3.211764470167961794e-02
3.232353572418138893e-02
3.252114871424965914e-02
3.270932449821681992e-02
3.288720534252037586e-02
3.305423855186456761e-02
3.321016469579225056e-02
3.335499312493377111e-02
3.348896813118277388e-02
3.361252937105431438e-02
3.372627004449095522e-02
3.383089588457374036e-02
3.392718737485010683e-02
3.401596688283946984e-02
3.409807168030681845e-02
3.417433318815201598e-02
3.424556228187868034e-02
3.431251700136330601e-02
3.437597197697478402e-02
3.443663977168825996e-02
3.449520142163273184e-02
3.455231168721033252e-02
3.460860603512251610e-02
3.466470876616702806e-02
3.472124177877596030e-02
3.477883350556618125e-02
3.483812757262453458e-02
3.489979070702217689e-02
3.496451936038960651e-02
3.503304443383194189e-02
3.510613339630810209e-02
3.518458900519982196e-02
3.526924379032166795e-02
3.536094948162737950e-02
3.546056067824687047e-02
3.556885812233295113e-02
3.568667794735621429e-02
3.581472400262655786e-02
3.595357786359539704e-02
3.610365664569898519e-02
3.626517052865074753e-02
3.643808317099865579e-02
3.662207858571286945e-02
3.681653811490281231e-02
3.702053081047085997e-02
3.723281976981702296e-02
3.745188582459651333e-02
3.767596853381267874e-02
3.790312284512296903e-02
3.813128825262525334e-02
3.835836599684546572e-02
3.858229900026108328e-02
3.880114893160839518e-02
3.901316508946287009e-02
3.921684064938584652e-02
3.941095310960759934e-02
3.959458732023782290e-02
3.976714108583798146e-02
3.992831479347266899e-02
4.007808767834673130e-02
4.021668409593706639e-02
4.034453348976477227e-02
4.046222765765659229e-02
4.057047850559737656e-02
4.067007884485144414e-02
4.076186804990696022e-02
4.084670365572286299e-02
4.092543931265882340e-02
4.099890898664787509e-02
4.106789261719660106e-02
4.113318845633034959e-02
4.119553019413150358e-02
4.125561848195590658e-02
4.131412602474938273e-02
4.137170452486946953e-02
4.142899286747722676e-02
4.148662601744944334e-02
4.154524415062497283e-02
4.160550156011381950e-02
4.166807485880753142e-02
4.173366994475468522e-02
4.180302711469387200e-02
4.187692361655660084e-02
4.195617284414449727e-02
4.204161932245360778e-02
4.213412864103945055e-02
4.223457159805804606e-02
4.234380204897416483e-02
4.246256915428855971e-02
4.259165630733310198e-02
4.273167288795085006e-02
4.288306612117297884e-02
4.304607770629393509e-02
4.322070297321778387e-02
4.340665617390807723e-02
4.360334562881482828e-02
4.380986215982658055e-02
4.402498351802352355e-02
4.424719638283998446e-02
4.447473606216189451e-02
4.470564241308065678e-02
4.493782892395316308e-02
4.516916055560026011e-02
4.539753501705293126e-02
4.562096178024292736e-02
4.583763337284619405e-02
4.604598429678134763e-02
4.624473418801865882e-02
4.643291338651411859e-02
4.660987071754701949e-02
4.677526479533377496e-02
4.692904137929058278e-02
4.707140013304673964e-02
4.720275451437955933e-02
4.732368848386685894e-02
4.743491333613523986e-02
4.753722733669959316e-02
4.763148010603221461e-02
4.771854293791812085e-02
4.779928555580020832e-02
4.787455925359940245e-02
4.794518596140835004e-02
4.801193177995129874e-02
4.807557221313759482e-02
4.813682318476355387e-02
4.819637122653051137e-02
4.825488031552638973e-02
4.831300004739405574e-02
4.837137459756110647e-02
4.843065198102843721e-02
4.849148944820960011e-02
4.855456459160095023e-02
4.862058434709111421e-02
4.869028946354740650e-02
4.876445747160880473e-02
4.884390241261869769e-02
4.892947048398715859e-02
4.902203075506452595e-02
4.912246019630114868e-02
4.923162247437028877e-02
4.935028126101837637e-02
4.947923950772160212e-02
4.961913244017142344e-02
4.977043950044426901e-02
4.993344083194328764e-02
5.010817573586800328e-02
5.029440664384009219e-02
5.049159232109713680e-02
5.069887379754487583e-02
5.091507587700713072e-02
5.113872601396929340e-02
5.136809095330503033e-02
5.160122994417347397e-02
5.183606175081597461e-02
5.207044129377028097e-02
5.230224075294626768e-02
5.252942948951042773e-02
5.275014726480239252e-02
5.296276593511489716e-02
5.316593598274837323e-02
5.335861574335591662e-02
5.354008280797754177e-02
5.370992861313153566e-02
5.386803851045015440e-02
5.401456050800421127e-02
5.414986634341786148e-02
5.427450859414801460e-02
5.438917721701974628e-02
5.449465833699766726e-02
5.459179738833746381e-02
5.468146795861488635e-02
5.476454698675974758e-02
5.484189638122935473e-02
5.491435068522577262e-02
5.498268804612092830e-02
5.504769851935859687e-02
5.511011008489870994e-02
5.517061962501412092e-02
5.522989930365061750e-02
5.528860443213208520e-02
5.534738225695549907e-02
5.540688117111625122e-02
5.546776189330802909e-02
5.553070748964653719e-02
5.559642623950769580e-02
5.566565936320660296e-02
5.573918480528746583e-02
5.581781792861964520e-02
5.590240826705600991e-02
5.599383146298977237e-02
5.609297557960370856e-02
5.620072115840833715e-02
5.631785616053121279e-02
5.644521438153610182e-02
5.658347078097402533e-02
5.673315264146952530e-02
5.689459525806216111e-02
5.706789884429385590e-02
5.725289019767422494e-02
5.744909292267662282e-02
5.765570988312523903e-02
5.787162099156777789e-02
5.809539844276084830e-02
5.832534013095047598e-02
5.855952039075861676e-02
5.879585555409715808e-02
5.903218032965826950e-02
5.926632988718486678e-02
5.949622192306716628e-02
5.971993298351844365e-02
5.993576392720818130e-02
6.014229053496852190e-02
6.033839676312815342e-02
6.052328978865516296e-02
6.069649759848504134e-02
6.085785124598345336e-02
6.100745489886452017e-02
6.114564736539857687e-02
6.127295890790281085e-02
6.139006689134137579e-02
6.149775326787360746e-02
6.159686618163091876e-02
6.168828720609151328e-02
6.177290499516441963e-02
6.185159550664389577e-02
6.192520848046730725e-02
6.199453651739825905e-02
6.206038554615771891e-02
6.212349734261546352e-02
6.218458120090594732e-02
6.224432013337697495e-02
6.230337867924131551e-02
6.236241173259331888e-02
6.242207387209777053e-02
6.248302871413877191e-02
6.254595781289495893e-02
6.261156859443822720e-02
6.268060074265947856e-02
6.275383036343917809e-02
6.283207115702545142e-02
6.291617175049009358e-02
6.300700831164844640e-02
6.310547161602456101e-02
6.321244790237891265e-02
6.332873499601839040e-02
6.345518014222108205e-02
6.359247722296493266e-02
6.374117771728650406e-02
6.390164630134481660e-02
6.407401723364465618e-02
6.425815502584178440e-02
6.445362320017938851e-02
6.465966486221551290e-02
6.487519830924672048e-02
6.509882994426917369e-02
6.532888543326545450e-02
6.556345845757739765e-02
6.580047475380826350e-02
6.603776760975388349e-02
6.627315980012503382e-02
6.650454626505025724e-02
6.672997175440899265e-02
6.694769819358110940e-02
6.715625759548253526e-02
6.735448780020433790e-02
6.754154997005476502e-02
6.771692839320150870e-02
6.788041456226827364e-02
6.803207855177324792e-02
6.817223134150338093e-02
6.830138191167152428e-02
6.842019272022741017e-02
6.852943665639332771e-02
6.862995786245600083e-02
6.872263804371912810e-02
6.880836914357917056e-02
6.888803261924961174e-02
6.896248505533465745e-02
6.903252577803019319e-02
6.909896889455525992e-02
6.916256308814124065e-02
6.922402368368538172e-02
6.928403858912307589e-02
6.934327593702994952e-02
6.940239282371972462e-02
6.946204461871062497e-02
6.952289436204049655e-02
6.958562177409612082e-02
6.965093137139977131e-02
6.971955911653855698e-02
6.979227694115805458e-02
6.986989438384473561e-02
6.995325650239345161e-02
7.004323718097922591e-02
7.014072698992961097e-02
7.024661490256585428e-02
7.036170588369348999e-02
7.048685770390340777e-02
7.062278073163447134e-02
7.077004869098961481e-02
7.092905435512115997e-02
7.109996559214783185e-02
7.128268520513723894e-02
7.147681835180107190e-02
7.168165131158689418e-02
7.189614491860094048e-02
7.211894508352346966e-02
7.234841153828952542e-02
7.258266437337794474e-02
7.281964627441206428e-02
7.305719680953741413e-02
7.329313387837177451e-02
7.352533667892550973e-02
7.375182438764427140e-02
7.397082520264700034e-02
7.418083140636232142e-02
7.438063751982566807e-02
7.456936025423148429e-02
7.474644060484479657e-02
7.491162988275280876e-02
7.506496259048284214e-02
7.520671973058323800e-02
7.533738637287799855e-02
7.545760713918329976e-02
7.556814278247288297e-02
7.566983035406202318e-02
7.576354868385820618e-02
7.585019014723472230e-02
7.593063903389889180e-02
7.600575631501473028e-02
7.607634584876794837e-02
7.614322780122156908e-02
7.620715588564470899e-02
7.626884972663974804e-02
7.632900051165231181e-02
7.638827843256734695e-02
7.644734130236494063e-02
7.650684381095312903e-02
7.656744693380383715e-02
7.662982122085156000e-02
7.669466276372738367e-02
7.676269790821153849e-02
7.683468807315299576e-02
7.691143184033505387e-02
7.699376349934893005e-02
7.708254718505529179e-02
7.717866576823274871e-02
7.728300378537075743e-02
7.739642395027444832e-02
7.751967603907509996e-02
7.765354047196393328e-02
7.779861297400145204e-02
7.795531759889466616e-02
7.812386302588822384e-02
7.830420197489668110e-02
7.849599742462166907e-02
7.869859936907667997e-02
7.891103548528587142e-02
7.913201828406013494e-02
7.935997011530691869e-02
7.959306590453807395e-02
7.982929187062623444e-02
8.006651691487287614e-02
8.030257208224013399e-02
8.053533265344979541e-02
8.076279714967266044e-02
8.098315785885418228e-02
8.119485837757460522e-02
8.139663498048084478e-02
8.158754020095432269e-02
8.176694862727451607e-02
8.193454639223905767e-02
8.209030700322859919e-02
8.223445692460511214e-02
8.236743465211568416e-02
8.248984693903209375e-02
8.260242542393349263e-02
8.270598627688625915e-02
8.280139473859114696e-02
8.288953567975519687e-02
8.297129063638523927e-02
8.304752123269640296e-02
8.311905850961537334e-02
8.318667654618354390e-02
8.325115835892311911e-02
8.331322656437380181e-02
8.337357387908285455e-02
8.343287005300931147e-02
8.349177011285822958e-02
8.355092337087942356e-02
8.361098271202861698e-02
8.367261743967277510e-02
8.373651901230197425e-02
8.380340652501515331e-02
8.387403316506712725e-02
8.394918915347246435e-02
8.402970133568335442e-02
8.411642855480312708e-02
8.421025194184189600e-02
8.431205935399700702e-02
8.442272341517036149e-02
8.454301297140109916e-02
8.467373422289477258e-02
8.481551989010538417e-02
8.496884112367752984e-02
8.513396323274345645e-02
8.531090370540017620e-02
8.549939618736626668e-02
8.569886422734032672e-02
8.590840833308785451e-02
8.612680917170079109e-02
8.635254861445015861e-02
8.658384886348631515e-02
8.681872825866415733e-02
8.705507074497438602e-02
8.729070459461937825e-02
8.752348501174146700e-02
8.775137483770972802e-02
8.797251777880374379e-02
8.818529936649287249e-02
8.838839212141814949e-02
8.858078295145731251e-02
8.876178246564005170e-02
8.893101742508305319e-02
8.908840880901129633e-02
8.923413883426609128e-02
8.936861068370903494e-02
8.949240469126412689e-02
8.960623437043363504e-02
8.971090506376336315e-02
8.980727724948822654e-02
8.989623577744741689e-02
8.997866560664351254e-02
9.005543403977003813e-02
9.012737902379006072e-02
9.019528122406596238e-02
9.025993141144474097e-02
9.032205844322456489e-02
9.038236017038187020e-02
9.044151015850916686e-02
9.050016582201728110e-02
9.055897740896540205e-02
9.061859733683520768e-02
9.067968940828974311e-02
9.074293742647179806e-02
9.080905268302673361e-02
9.087877971551996947e-02
9.095289963681504886e-02
9.103223024612241976e-02
9.111762206496863692e-02
9.120994943179913661e-02
9.131009586971439163e-02
9.141893314481908117e-02
9.153723469463941054e-02
9.166581489718596265e-02
9.180532195880984625e-02
9.195624942101658650e-02
9.211889206417048226e-02
9.229330361863830046e-02
9.247925988477218029e-02
9.267623105479781687e-02
9.288336682553668955e-02
9.309949724455379716e-02
9.332315115824239837e-02
9.355259271126209475e-02
9.378587472880788034e-02
9.402090618830266644e-02
9.425552956463095766e-02
9.448760280589410532e-02
9.471508020844444931e-02
9.493608657967989028e-02
9.514897978702967218e-02
9.535239799060075960e-02
9.554528937867688698e-02
9.572692386700132339e-02
9.589688777945945541e-02
9.605506382387794806e-02
9.620159959029699059e-02
9.633686827449430834e-02
9.646142537690068075e-02
9.657596481113671361e-02
9.668127727801498206e-02
9.677821303540473652e-02
9.686765043214629056e-02
9.695047086557014027e-02
9.702754022921170063e-02
9.709969647201260878e-02
9.716772048927077576e-02
9.723240450879938601e-02
9.729447803028735964e-02
9.735463888610314254e-02
9.741355967640592806e-02
9.747189569405106946e-02
9.753029376883168289e-02
9.758940152738891649e-02
9.764987659888563210e-02
9.771239529255414114e-02
9.777766023207665191e-02
9.784640635935742958e-02
9.791940462823517377e-02
9.799746261488716248e-02
9.808142120024244959e-02
9.817214646034728986e-02
9.827051596634245323e-02
9.837739887874860645e-02
9.849357147574849813e-02
9.861985436070115629e-02
9.875690939963170656e-02
9.890525085049832466e-02
9.906520156354893525e-02
9.923685051404407265e-02
9.942001519332549497e-02
9.961421262278863376e-02
9.981864261071916877e-02
1.000321862908656878e-01
