5.546581605567252370e-12
2.673323375527498986e-12
1.735827579062011257e-12
1.281795780604275106e-12
1.020926319235818631e-12
8.565939582194196489e-13
7.475126543439993972e-13
6.730950248146902225e-13
6.220411042287113461e-13
5.876393774362387054e-13
5.656628453243050059e-13
5.533192278025741129e-13
5.486766306400158064e-13
5.503297025568581543e-13
5.571939592791182714e-13
5.683726316294928701e-13
5.830672372280584961e-13
6.002182707362448795e-13
6.196537178149935028e-13
6.402914874288488776e-13
6.613019234167914738e-13
6.818194336949755388e-13
7.009563250074633795e-13
7.178268077791860954e-13
7.315791147725766394e-13
7.414329528787081747e-13
7.467188595043272662e-13
7.469156267415740627e-13
7.416819136616562425e-13
7.308785579111891874e-13
7.145789189328415014e-13
6.930657588029496461e-13
6.668145514027403592e-13
6.364645243282449111e-13
6.027799892395106190e-13
5.666054380418902780e-13
5.288183600231523783e-13
4.902837255659980682e-13
4.518136174827516671e-13
4.141346691657208542e-13
3.778649317983503031e-13
3.435006998294592791e-13
3.114128226881112681e-13
2.818512354618570237e-13
2.549559187713572772e-13
2.307722646933528783e-13
2.092688535964978668e-13
1.903558773818613489e-13
1.739028038370240847e-13
1.597542903375956608e-13
1.477437598891499362e-13
1.376608928080596663e-13
1.294435242361897750e-13
1.228939113377217320e-13
1.178864569729307023e-13
1.143165782973476349e-13
1.121018646325985303e-13
1.111821872375977639e-13
1.115189571101863677e-13
1.130988811081559967e-13
1.159253130514290824e-13
1.200102552626262057e-13
1.253794249144694673e-13
1.320649176785290133e-13
1.400992614399508109e-13
1.495082928583023901e-13
1.603028864747609350e-13
1.724697145638794761e-13
1.859614086771258350e-13
2.005865174898246845e-13
2.163948664344606070e-13
2.330897365907304149e-13
2.504027827900670822e-13
2.680009505421450607e-13
2.854911376514171464e-13
3.024304008002641064e-13
3.183417969752538580e-13
3.327353320485604206e-13
3.451328286416786306e-13
3.550949173875854841e-13
3.622479007071119900e-13
3.663080244604971960e-13
3.671007775446679907e-13
3.645732349462055024e-13
3.587981273481084000e-13
3.499691747535672248e-13
3.383881442293405362e-13
3.244449518008108755e-13
3.085928056246543903e-13
2.913207936272633087e-13
2.731264119552877508e-13
2.544903202013125088e-13
2.358551508987147153e-13
2.176095822910951577e-13
2.000782071749121142e-13
1.835170942082163046e-13
1.681144185075400074e-13
1.539951825351662640e-13
1.412288704845402885e-13
1.298388651307758475e-13
1.198125705411492415e-13
1.111113820346925847e-13
1.036798806390691590e-13
9.742219821604517050e-14
9.234181199211061117e-14
8.833719393870334231e-14
8.535255940855906229e-14
8.334228124911977562e-14
8.227280316876452815e-14
8.212372749792190910e-14
8.288818927435395066e-14
8.457257865799723914e-14
8.719561863704904502e-14
9.078675219468515527e-14
9.538374977257061834e-14
1.010294215298779424e-13
1.077673175631140455e-13
1.156363309486944915e-13
1.246641900373491801e-13
1.348599415764606969e-13
1.462056830873341885e-13
1.585687181845849861e-13
1.720047235084422734e-13
1.862931917399466007e-13
2.012307798940987458e-13
2.165566424578348759e-13
2.319546500887074917e-13
2.470602948227185320e-13
2.614725511935079304e-13
2.747704519741142995e-13
2.865335623459017939e-13
2.963649751767777013e-13
3.039149913130101176e-13
3.089033758157985548e-13
3.111380555414136954e-13
3.105283711307117401e-13
3.070914993000155870e-13
3.009513579496703869e-13
2.923301016211687699e-13
2.815330951990624910e-13
2.689289089722704001e-13
2.549263199274296550e-13
2.399504812566157057e-13
2.244203276824940208e-13
2.087289541644979300e-13
1.932282086578656876e-13
1.782181625610504846e-13
1.639415530641029866e-13
1.505828036486363804e-13
1.382708721719240377e-13
1.270849716627250955e-13
1.170621520091559355e-13
1.082057957254817187e-13
1.004942308897348006e-13
9.388885913142921391e-14
8.831208034948322413e-14
8.377651220389881625e-14
8.019640478078568853e-14
7.752676475131271731e-14
7.573079776972561158e-14
7.478188185270560820e-14
7.466478525345483428e-14
7.537622568099617444e-14
7.692482585814757871e-14
7.933047196143683588e-14
8.262303325786128336e-14
8.684035996166925856e-14
9.202544904983425468e-14
9.822266210674062759e-14
1.054729030308281087e-13
1.138077236287570371e-13
1.232424261974584407e-13
1.337683737743829507e-13
1.452722296375688616e-13
1.578131832164982178e-13
1.711973735720697153e-13
1.852453661937593411e-13
1.997231622961283166e-13
2.143434114974926147e-13
2.287709619574193932e-13
2.426330933905132489e-13
2.555343137139137397e-13
2.670750615475800686e-13
2.768731148763849776e-13
2.845860440425494482e-13
2.899327463603845341e-13
2.927120239263214627e-13
2.928163477933855245e-13
2.902393821064889580e-13
2.850764706935653213e-13
2.775180309419986500e-13
2.678365502864396865e-13
2.563685325233777661e-13
2.434932052499539759e-13
2.296100196978053248e-13
2.151169351353427819e-13
2.003912082838459134e-13
1.857739638242898725e-13
1.715592850544497790e-13
1.579880181559760341e-13
1.452460027229802027e-13
1.334660771431354200e-13
1.227329855698597485e-13
1.130902332327344678e-13
1.045479778212574392e-13
9.709117311110322329e-14
9.068735904809306785e-14
8.526479303106566693e-14
8.083961200817029530e-14
7.733043931522299924e-14
7.469510372841422170e-14
7.289878985041351996e-14
7.191607712846357881e-14
7.173224234105102562e-14
7.234392013477601352e-14
7.375845232498790485e-14
7.598860381845711620e-14
7.906540150624961700e-14
8.302536104620393312e-14
8.791039105053689090e-14
9.376434773353780216e-14
1.006286011306928475e-13
1.085365686744069161e-13
1.175072614254152714e-13
1.275380168236112843e-13
1.385276373945034888e-13
1.505397041046708970e-13
1.633980559654172841e-13
1.769401883004774145e-13
1.909511638531126875e-13
2.051639991687003653e-13
2.192640984170832042e-13
2.328981432145805257e-13
2.456874245626118065e-13
2.572450988800328805e-13
2.671963273705756508e-13
2.751997940508780730e-13
2.809687716015378571e-13
2.842897812546241317e-13
2.850370111857444611e-13
2.831810181400289115e-13
2.787908000289418035e-13
2.720290187290952537e-13
2.631408753222603354e-13
2.524377919275588666e-13
2.402775451228552723e-13
2.270427639985458878e-13
2.131197273183447649e-13
1.988791851435871451e-13
1.846605407987170182e-13
1.707602317816851351e-13
1.574246233021269934e-13
1.448472488004496626e-13
1.331698531248117519e-13
1.224864467102607608e-13
1.128494687621144953e-13
1.042771687186034292e-13
9.676141875253572184e-14
9.027533027861779847e-14
8.475055044985832578e-14
8.020753542288219340e-14
7.656578874696323724e-14
7.378360395833410581e-14
7.182567196725740506e-14
7.066527365712075779e-14
7.028573552895670830e-14
7.068124588630656236e-14
7.185709589533084433e-14
7.383500191543390403e-14
7.664052780522111235e-14
8.030772061597621378e-14
8.487740983566972126e-14
9.039342091954098680e-14
9.689844303552170475e-14
1.044288654728373816e-13
1.130085984327812500e-13
1.226420127190801494e-13
1.333062876784610537e-13
1.448714509287469934e-13
1.573770450404754332e-13
1.706086093314046909e-13
1.843665145965560137e-13
1.983987631444906609e-13
2.124043119456251076e-13
2.260407923274982406e-13
2.389367313742005035e-13
2.507078878975948742e-13
2.609767868144936847e-13
2.693940458390657790e-13
2.756597185510164610e-13
2.795426992196792216e-13
2.808962936412929233e-13
2.796683671292377631e-13
2.759050054185281636e-13
2.697472988543675169e-13
2.614215905389705104e-13
2.512242108329776428e-13
2.395022581693062859e-13
2.266323094874211708e-13
2.129990196432855309e-13
1.989754055670270990e-13
1.849062519237806733e-13
1.710955904386635590e-13
1.577986756995039033e-13
1.452183828512403271e-13
1.335055473693695951e-13
1.227624903460408083e-13
1.130488350264156796e-13
1.043887098251719293e-13
9.677852209604855457e-14
9.019464016930370187e-14
8.460050305123604077e-14
7.992801972094233213e-14
7.618737460713420645e-14
7.330625250278782960e-14
7.124860674550264649e-14
6.998665754545860747e-14
6.950246481549734765e-14
6.978884570718609490e-14
7.084970702979050992e-14
7.269982103712160698e-14
7.536402758808484380e-14
7.887580269944642377e-14
8.327509945645461446e-14
8.860534907811876097e-14
9.490951509386324132e-14
1.022251294400200591e-13
1.105783118519618025e-13
1.199768859936677339e-13
1.304028545844543808e-13
1.417339499857035948e-13
1.540143000810501194e-13
1.670396777948840811e-13
1.806199877459216540e-13
1.945130528246268005e-13
2.084272955749139669e-13
2.220287274256107767e-13
2.349524155363921690e-13
2.468181197096433862e-13
2.572492681578853175e-13
2.658939442582977362e-13
2.724461672079460368e-13
2.766655406259472612e-13
2.783933650738717947e-13
2.775635792848288688e-13
2.742073865526732779e-13
2.684510750313793437e-13
2.605072630911375290e-13
2.506604902813321481e-13
2.392486336833890439e-13
2.266419844336000121e-13
2.132219313070466375e-13
1.993610692023055616e-13
1.854062191753889672e-13
1.716653797067539093e-13
1.583991056437939689e-13
1.458163092514172967e-13
1.340740597352717394e-13
1.232806632032883635e-13
1.135011484541415220e-13
1.047642563825716932e-13
9.707010658531655621e-14
9.039785952245571029e-14
8.471287071282910308e-14
7.994759446792368210e-14
7.611382052578114213e-14
7.313853179293759705e-14
7.098510227761755218e-14
6.962482011210202005e-14
6.903855275244611127e-14
6.921774910650738188e-14
7.016485322656885860e-14
7.189316390050393557e-14
7.442612948406842786e-14
7.779602388593234447e-14
8.204191409919497301e-14
8.720680889580164929e-14
9.333387961848604065e-14
1.004616748183468190e-13
1.086183170881489225e-13
1.178147762099120784e-13
1.280374558865267196e-13
1.391709834594191442e-13
1.512639158571978801e-13
1.641212177166411697e-13
1.775614384801814342e-13
1.913512645302005201e-13
2.052075981048432563e-13
2.188038618643332773e-13
2.317807598043736152e-13
2.437612623044625964e-13
2.543690647853830232e-13
2.632492666140889938e-13
2.700896093638134626e-13
2.746403758691526004e-13
2.767310379733932495e-13
2.762819729628566441e-13
2.733100283821396651e-13
2.679273454491750695e-13
2.603335658321240270e-13
2.508022432821593222e-13
2.396628619011368341e-13
2.272802487489288143e-13
2.140333160038668387e-13
2.002949728592526034e-13
1.864147436565578706e-13
1.727051792787012196e-13
1.594326316620852480e-13
1.468124546759924867e-13
1.350082636956152877e-13
1.241345740826635545e-13
1.142619632063566132e-13
1.054238557974989200e-13
9.762409483459064135e-14
9.084459637174428990e-14
8.505256106880725090e-14
8.018083424307645040e-14
7.624284079329693377e-14
7.316468063105639103e-14
7.090904862520688135e-14
6.944621333827377062e-14
6.875577823320264897e-14
6.882776985314222648e-14
6.966313207384450657e-14
7.127131380961002243e-14
7.367040986457338832e-14
7.689311907297978280e-14
8.097726069504349563e-14
8.596501530514436707e-14
9.189935742131283861e-14
9.881951026135557725e-14
1.067553985509759229e-13
1.157211723964210091e-13
1.257080093743979045e-13
1.366084488172743495e-13
1.484764310774110161e-13
1.611282455223694518e-13
1.743936460955882216e-13
1.880513054150405002e-13
2.018301623039497152e-13
2.154148291662213693e-13
2.284553573641317209e-13
2.405812235293163616e-13
2.514188997018614427e-13
2.606118711860834623e-13
2.678415447919532626e-13
2.728472211383557851e-13
2.754432454633794714e-13
2.755316297948257454e-13
2.731088457639527261e-13
2.682660739213903914e-13
2.611828829206062577e-13
2.521150032500448623e-13
2.413774575164540823e-13
2.293247314920503251e-13
2.163298666413087613e-13
2.027643130441025360e-13
1.889801267565519985e-13
1.752956833898734834e-13
1.619855837152679257e-13
1.492749245123917153e-13
1.373376657415444814e-13
1.262984907734773186e-13
1.162373529115465622e-13
1.071958282599992208e-13
9.918443286950832370e-14
9.219018024559034985e-14
8.618381905327958237e-14
8.109904527174126801e-14
7.695266784559519687e-14
7.366926008153104401e-14
7.121038289163614085e-14
6.954446544822341761e-14
6.864873414800570795e-14
6.851045554747937936e-14
6.912757915728782520e-14
7.050952443440915773e-14
7.268130972103245814e-14
7.566919212604253062e-14
7.950947900154090977e-14
8.424371494311779867e-14
8.991533862782728623e-14
9.656536722553999661e-14
1.042270635137291235e-13
1.129196290199330862e-13
1.226410933990009934e-13
1.332940433602093039e-13
1.449395551998941696e-13
1.574068349731724722e-13
1.705375915177037739e-13
1.841222647798994689e-13
1.979004427530409187e-13
2.115652615550186676e-13
2.247721857570201210e-13
2.371521469843440294e-13
2.483285198424728096e-13
2.579368984415791418e-13
2.656461812637842912e-13
2.711791550387765333e-13
2.743306540221507086e-13
2.749814962344673727e-13
2.731067622113876104e-13
2.687775442028483542e-13
2.621559796376819241e-13
2.534840951814147311e-13
2.430676252209672708e-13
2.312564428892020313e-13
2.184234933242955061e-13
2.049441263100446611e-13
1.911775068797402881e-13
1.774513893992181060e-13
1.640510459838045404e-13
1.512126233176149465e-13
1.391207347368339241e-13
1.279097298231948827e-13
1.176678502701238346e-13
1.084433822274637252e-13
1.002519350623965128e-13
9.308408454617504468e-14
8.691277954061661813e-14
8.167186765959214197e-14
7.738015238302847656e-14
7.396068070340069899e-14
7.137395161955851063e-14
6.958700725072244906e-14
6.857550367607929649e-14
6.832507006583550558e-14
6.883204785294681588e-14
7.010366740092022987e-14
7.215767700203471884e-14
7.502139441774205609e-14
7.873011072594859337e-14
8.332474643275960978e-14
8.884864765300169489e-14
9.534342307560358005e-14
1.028437674626579252e-13
1.113712998531785611e-13
1.209275659156551356e-13
1.314207651909757447e-13
1.429158051540099356e-13
1.552496554015439460e-13
1.682715285750078592e-13
1.817796958026734124e-13
1.955213834170187019e-13
2.091965605370252735e-13
2.224660646836943233e-13
2.349641096861210762e-13
2.463147301712474215e-13
2.561512000396214264e-13
2.641369941242090115e-13
2.699865214950293604e-13
2.734837127382821733e-13
2.744966332513928410e-13
2.729866252241099069e-13
2.690110177288546863e-13
2.627191167811075490e-13
2.543419008491312324e-13
2.441765002023598865e-13
2.325670396723837339e-13
2.198837096497769027e-13
2.065019723322492574e-13
1.927836220011932920e-13
1.790610466886867505e-13
1.656255545866370330e-13
1.527201112415362249e-13
1.405363564219407457e-13
1.292153886105340898e-13
1.188515524875494788e-13
1.094983476954905095e-13
1.011755815338354130e-13
9.387698555648546040e-14
8.757767136634302897e-14
8.221202668912610332e-14
7.780084487825443994e-14
7.426628909630403937e-14
7.156823562989806214e-14
6.967273090940683681e-14
6.855416941446276990e-14
6.819674612570615393e-14
6.859527888714974028e-14
6.975546354648018650e-14
7.169358298972176124e-14
7.443564655131195058e-14
7.801589492103441042e-14
8.247457397565106769e-14
8.785486585766532872e-14
9.419887448076621054e-14
1.015426026300517829e-13
1.099099345746963851e-13
1.193057537649339078e-13
1.297084761268546713e-13
1.409922023039905239e-13
1.531959224916045433e-13
1.661113412043509371e-13
1.795444194089525147e-13
1.932499384786433692e-13
2.069346896095104279e-13
2.202649529447485590e-13
2.328783747586446959e-13
2.443998710665910210e-13
2.544606693640497229e-13
2.627191208033799568e-13
2.688815520886235721e-13
2.727212493260777067e-13
2.740937206592579329e-13
2.729466813817101008e-13
2.693237152539158232e-13
2.633612231624980398e-13
2.552789831942400331e-13
2.453653128483907770e-13
2.339583509689814035e-13
2.214252953027578904e-13
2.081415086375340493e-13
1.944712493117245329e-13
1.807514333120391443e-13
1.672793631846710908e-13
1.543048424370295554e-13
1.420266079832286722e-13
1.305926164901880039e-13
1.201034489082179315e-13
1.106179616077991213e-13
1.021603010110090964e-13
9.472748455343705820e-14
8.829689978287835734e-14
8.283325066472718648e-14
7.827033353135723095e-14
7.461855885959822286e-14
7.180752179830274705e-14
6.980229949292780121e-14
6.857604108406729992e-14
6.811151560326707498e-14
6.840201874422116646e-14
6.945170662068701152e-14
7.127105340661949131e-14
7.388352837315212768e-14
7.732311231790508864e-14
8.162897337760530249e-14
8.684369490929028195e-14
9.300946734676485219e-14
1.001632945935982417e-13
1.083312143912020045e-13
1.175216392576477293e-13
1.277180671715377265e-13
1.388024930503120829e-13
1.508198085943017716e-13
1.635727007002157317e-13
1.768779322174347722e-13
1.905015485694042141e-13
2.041613040036764482e-13
2.175332403030763767e-13
2.302626013256430694e-13
2.419788108406130529e-13
2.523137376604167447e-13
2.609219906152388255e-13
2.675016034763073903e-13
2.718132571092374374e-13
2.736961928357917566e-13
2.730792148490787716e-13
2.699856400014674288e-13
2.645316730117868241e-13
2.569183788648015850e-13
2.474180934800332494e-13
2.363566645455107803e-13
2.240932736380033286e-13
2.109997184097701216e-13
1.974409281953143359e-13
1.837581825003343634e-13
1.702560612286577272e-13
1.571936537552818375e-13
1.447800660087056072e-13
1.331738523851163809e-13
1.224857029648781591e-13
1.127835521139054858e-13
1.040992357083274695e-13
9.643588778313394483e-14
8.977540098143415068e-14
8.408544448573343895e-14
7.930008339889245619e-14
7.543272496965448549e-14
7.241097609942244201e-14
7.019844781585253403e-14
6.876619209035958421e-14
6.809441482901047060e-14
6.817353481252185654e-14
6.900466483509253626e-14
7.060188417688254337e-14
7.299088588687225155e-14
7.620066918678580902e-14
8.026916956444191757e-14
8.523867571379320773e-14
9.115223947716407892e-14
9.804909915355813722e-14
1.059590924384984536e-13
1.148961340740130223e-13
1.248509697144820394e-13
1.357157352272344690e-13
1.475429295200224269e-13
1.601478702303087329e-13
1.733588613124040416e-13
1.869529660250737959e-13
2.006574853986781517e-13
2.141555460640132730e-13
2.270960849980526656e-13
2.391080742011408091e-13
2.498183201475302061e-13
2.588716687942918167e-13
2.659520254004027738e-13
2.708023347904828170e-13
2.732416194412825527e-13
2.731773664825255265e-13
2.706119784579626390e-13
2.656426056584664600e-13
2.584543777974649797e-13
2.493077502211603871e-13
2.385212756571390129e-13
2.264515257532736164e-13
2.134720683257650252e-13
1.999533463736994022e-13
1.862450318981529578e-13
1.726620000554475682e-13
1.594745630745812765e-13
1.469030968600145262e-13
1.351167532123771142e-13
1.242356232762178364e-13
1.143355243596158813e-13
1.054545200719944644e-13
9.760033169633314315e-14
9.075792475821922946e-14
8.489672353562350351e-14
7.995054169543822858e-14
7.593450716246056514e-14
7.277442445333647668e-14
7.043265714138640791e-14
6.887874249129086345e-14
6.809123995189092725e-14
6.805890048199446589e-14
6.878123937405447440e-14
7.026855809611208092e-14
7.254141707067198154e-14
7.562951745798200269e-14
7.956991209857020111e-14
8.440444037483497826e-14
9.017627600966388885e-14
9.692549811724146667e-14
1.046836508526623227e-13
1.134673501663412730e-13
1.232711274179412027e-13
1.339928404565077587e-13
1.456891767263273889e-13
1.581831397154150873e-13
1.713103947183722290e-13
1.848554945596363518e-13
1.985528140698227304e-13
2.120915195860458705e-13
2.251249161076546764e-13
2.372840840408715489e-13
2.481952150027274918e-13
2.574995471878848071e-13
2.648743629285445900e-13
2.700532209857798190e-13
2.728435146423420838e-13
2.731396054416767833e-13
2.709301752312231211e-13
2.662990205062875322e-13
2.594192045074756958e-13
2.505411860771722926e-13
2.399761597347140677e-13
2.280762843300954617e-13
2.152136938212069883e-13
2.017601575256098486e-13
1.880690118371248623e-13
1.744605758794249134e-13
1.612117641814628601e-13
1.485500988956059310e-13
1.366518715255772538e-13
1.256438590556736637e-13
1.156077865642423488e-13
1.065866484252900610e-13
9.859203418500367139e-14
9.161172215915947145e-14
8.561696844615458119e-14
8.054180679274026427e-14
7.640313495519757750e-14
7.312563024706901821e-14
7.067085957633306214e-14
6.900723290834175958e-14
6.811195594647972640e-14
6.797228996898641072e-14
6.858620581624876389e-14
6.996248335412968234e-14
7.212026470297155001e-14
7.508802536123973665e-14
7.890188822655129519e-14
8.360317792555187742e-14
8.923510386531354117e-14
9.583847740001370856e-14
1.034464183414662604e-13
1.120780935720706666e-13
1.217316564801952911e-13
1.323105199776062215e-13
1.438754072220389640e-13
1.562568726874192395e-13
1.692978567182312251e-13
1.827903778332260620e-13
1.964759379240754560e-13
2.100498823274317080e-13
2.231701100258528425e-13
2.354701132004622070e-13
2.465758298780175688e-13
2.561252810871736994e-13
2.637895112868407286e-13
2.692930355344053982e-13
2.724318828861516970e-13
2.730874493125201084e-13
2.712347344454222850e-13
2.669440946735057665e-13
2.603763261294922520e-13
2.517715988025716098e-13
2.414333964053926472e-13
2.297090880673344408e-13
2.169690082808808903e-13
2.035859294292720164e-13
1.899165945887429054e-13
1.762865882297526286e-13
1.629793313198798192e-13
1.502294740806632751e-13
1.382204955102391803e-13
1.270859564436709360e-13
1.169136207760784386e-13
1.077515613341949254e-13
9.961538625898017641e-14
9.249582893272756730e-14
8.636610434899439616e-14
8.116056664688482808e-14
7.689798754622472969e-14
7.350197728070284329e-14
7.093335691128106941e-14
6.915944489340386167e-14
6.815611627122957886e-14
6.790915482971005278e-14
6.841498924982490282e-14
6.968087024953974596e-14
7.171783549686474911e-14
7.455528973831711896e-14
7.822806619085472864e-14
8.277655182330393337e-14
8.824355263620164326e-14
9.467022096266704416e-14
1.020909910683470999e-13
1.105275490731040206e-13
1.199819806936065761e-13
1.304293911409946575e-13
1.417401247992353604e-13
1.539496840597964863e-13
1.668459313426929636e-13
1.802317030233190899e-13
1.938595480014523619e-13
2.074352856909717306e-13
2.206257986136127684e-13
2.330711211455851553e-13
2.444004116054111191e-13
2.542508914011211538e-13
2.622883751330724863e-13
2.682276758298175334e-13
2.718510158001796058e-13
2.730226474928236886e-13
2.716981973070721309e-13
2.679277570481908377e-13
2.618523963350989621e-13
2.536944643001450465e-13
2.437426916436896534e-13
2.323336051189487453e-13
2.198310613644464054e-13
2.066057665314776371e-13
1.930164816907301080e-13
1.793942649399858496e-13
1.660306364469868521e-13
1.531700489732034958e-13
1.410065758574006131e-13
1.296843471543215544e-13
1.193010060277631477e-13
1.099133307577126523e-13
1.015441609909498003e-13
9.418985365255006551e-14
8.782764069784233457e-14
8.242243405016137507e-14
7.790872879190144781e-14
7.429693327011532625e-14
7.151754827070968038e-14
6.953620522461884805e-14
6.832651676697480518e-14
6.787158991006937373e-14
6.816491188082932865e-14
6.921067478783302048e-14
7.102788087675623335e-14
7.364215472429764408e-14
7.708545369024249509e-14
8.139719588377664216e-14
8.662021637697273354e-14
9.279691133634234580e-14
9.996438312714951949e-14
1.081485868291533335e-13
1.173575882564153087e-13
1.275741893224444615e-13
1.386791515896364221e-13
1.507159943770824948e-13
1.634851848719442172e-13
1.768009065793401706e-13
1.904262490800209041e-13
2.040758012061533028e-13
2.174224656673780684e-13
2.301086652357410954e-13
2.417616431042974435e-13
2.520120465827617180e-13
2.605144957179154734e-13
2.669684556050968344e-13
2.711375247005834676e-13
2.728652710332415151e-13
2.720860099219253419e-13
2.688293973487820662e-13
2.632183517796399805e-13
2.554605253424986200e-13
2.458342218197684651e-13
2.346702084891895975e-13
2.223312186240482914e-13
2.091910532563287479e-13
1.956150660162806207e-13
1.819434915060193478e-13
1.684786206578942441e-13
1.554763137647797571e-13
1.431418493949847232e-13
1.316296968321577516e-13
1.210465101303559541e-13
1.114564873945164895e-13
1.028882109607794933e-13
9.534215777130935322e-14
8.879821071723966014e-14
8.322267613142272045e-14
7.854951459053257995e-14
7.479060983164200599e-14
7.187450441961249328e-14
6.976547241202534199e-14
6.843554774040463508e-14
6.786616544338920021e-14
6.804915190610890319e-14
6.898713700943286660e-14
7.069342153629632859e-14
7.319128897710609842e-14
7.651270816560160537e-14
8.069633821210271271e-14
8.578472670782908411e-14
9.182059340258214442e-14
9.884212181006923650e-14
1.068772466898282523e-13
1.159370294477585173e-13
1.260083544663713524e-13
1.369779244794651730e-13
1.488937580464087523e-13
1.615640904051068870e-13
1.748104591139786512e-13
1.884032717843963140e-13
2.020638320530261608e-13
2.154705283918825663e-13
2.282694154293262070e-13
2.400889615993251642e-13
2.505582261541278188e-13
2.593272326609035872e-13
2.660879037285543043e-13
2.705936864264417126e-13
2.726759832784931459e-13
2.722557312306493583e-13
2.693489230151021618e-13
2.640654860866311870e-13
2.566016383419480618e-13
2.472265268229461886e-13
2.362645282786792765e-13
2.240749718978599429e-13
2.110311911209930919e-13
1.975007189448780296e-13
1.838281427743997131e-13
1.703216924947378387e-13
1.572441259674050714e-13
1.448079767320151611e-13
1.331748035920062344e-13
1.224577735838471197e-13
1.127267361543954876e-13
1.040149015918569906e-13
9.632629778618359563e-14
8.964331331108907790e-14
8.393380647603926002e-14
7.913171740043027590e-14
7.525049539075852642e-14
7.221739618202760516e-14
6.999577623076485735e-14
6.855645600012291800e-14
6.787946147152734289e-14
6.795510180500320813e-14
6.878446092337699020e-14
7.037934243189906493e-14
7.276166337879584257e-14
7.596224907652283157e-14
8.001894474551923072e-14
8.497393675443783111e-14
9.087017390136363648e-14
9.774680485497818502e-14
1.056336080202809393e-13
1.145444886035351476e-13
1.244702536703886611e-13
1.353033993589373051e-13
1.470962943031598240e-13
1.596648432683915997e-13
1.728378899103791785e-13
1.863931828851234902e-13
2.000588472159833956e-13
2.135189529425114406e-13
2.264234680617685563e-13
2.384024395627544577e-13
2.490837396565220284e-13
2.581132116621430670e-13
2.651756296024883487e-13
2.700146225765359668e-13
2.724496667026138083e-13
2.723884404246030486e-13
2.698332613709804928e-13
2.648809240945363219e-13
2.577159559317366801e-13
2.485980036680341053e-13
2.378446578835336173e-13
2.258114340474506079e-13
2.128708107297116842e-13
1.993921657606805009e-13
1.857241790621641592e-13
1.721808446789367897e-13
1.590317299325872125e-13
1.464966145573587527e-13
1.347442039068018167e-13
1.238942838662165882e-13
1.140224921167775749e-13
1.051668183002197609e-13
9.733499340085130454e-14
9.051205430004267108e-14
8.466753772873290679e-14
7.973546416831000493e-14
7.573094761753388130e-14
7.258001760004867116e-14
7.024516235841631806e-14
6.869602317167508125e-14
6.791123831128151142e-14
6.787960971627705402e-14
6.860067479045518461e-14
7.008326762331026686e-14
7.234292850012697247e-14
7.541119235984794288e-14
7.932470721222793217e-14
8.412486361074019034e-14
8.985440543574329932e-14
9.655308264375896934e-14
1.042523112140900256e-13
1.129688959865592053e-13
1.226979996737740865e-13
1.333391826757741716e-13
1.449500146348875131e-13
1.573565829975516418e-13
1.703979282032156233e-13
1.838626830416193310e-13
1.974898609505202137e-13
2.109735855119920717e-13
2.239721107164042104e-13
2.361210649235809983e-13
2.470503627178512719e-13
2.564037306616520688e-13
2.638593603675344232e-13
2.691499101741014733e-13
2.720799852296785911e-13
2.725393674419551817e-13
2.705106376859692656e-13
2.660703908227083030e-13
2.593839149758657633e-13
2.506938956962242011e-13
2.403043153983113785e-13
2.285611651938136313e-13
2.158318148993079592e-13
2.024848794426069559e-13
1.888721959063692943e-13
1.753141363656531852e-13
1.620889986238673376e-13
1.494267165418617764e-13
1.375066823544519824e-13
1.264591252377251883e-13
1.163692698040451393e-13
1.072834078249566655e-13
9.921603956992252492e-14
9.215734845566257415e-14
8.608043006540837906e-14
8.092006634450946474e-14
7.669487946892700367e-14
7.332924012852611549e-14
7.078445912117128273e-14
6.902830246160377618e-14
6.803700801191084230e-14
6.779660921867603932e-14
6.830365478873652546e-14
6.956537973436137609e-14
7.160599863600845043e-14
7.445028242902223105e-14
7.813333280523500420e-14
8.269584205145433723e-14
8.818091415946083151e-14
9.462993326807471630e-14
1.020774253893874813e-13
1.105449411728826305e-13
1.200341078502547243e-13
1.304538923844721962e-13
1.418688091332188527e-13
1.541171044564685644e-13
1.670491577440089743e-13
1.804647560901704340e-13
1.941129842886873069e-13
2.076959778941365257e-13
2.208769841407042872e-13
2.332927755521534037e-13
2.445699745732818594e-13
2.543443341828835492e-13
2.622815542879958546e-13
2.680978750014546583e-13
2.715785423713668481e-13
2.725923307810828374e-13
2.711006341742066406e-13
2.671601709967176524e-13
2.609190153860395169e-13
2.526063758503591368e-13
2.425171912802541762e-13
2.309931121957178833e-13
2.184017188312490543e-13
2.051158699971230809e-13
1.914948900998656158e-13
1.778689331358577891e-13
1.645273819540291103e-13
1.517116273629872980e-13
1.396120976958787339e-13
1.283690309590277170e-13
1.180762306262108601e-13
1.087869296471882522e-13
1.005208913723981554e-13
9.327197260107877795e-14
8.701552811817453334e-14
8.168644569609339308e-14
7.730546094473860614e-14
7.379530608370813650e-14
7.111617951810779162e-14
6.923440617860165641e-14
6.812460261854214617e-14
6.777112149762497450e-14
6.816887009154959543e-14
6.932356519300369061e-14
7.125144529066998531e-14
7.397841655803820884e-14
7.753856807471480471e-14
8.197196019200082151e-14
8.732157492449672269e-14
9.362932603427876653e-14
1.009310662052803155e-13
1.092506049860186204e-13
1.185928661479527475e-13
1.289364631775093201e-13
1.401563099726892326e-13
1.522912238533292826e-13
1.651341940834272928e-13
1.784923631257689546e-13
1.921219744190571793e-13
2.057315376943343081e-13
2.189892596751739291e-13
2.315348485519323354e-13
2.429953233985148737e-13
2.530039459144181755e-13
2.612209150452223688e-13
2.673541038185853017e-13
2.711779413852909475e-13
2.725485972073408972e-13
2.714139192194942578e-13
2.678170847153485188e-13
2.618935762957494516e-13
2.538618041478022354e-13
2.440083589626943878e-13
2.326694039424796842e-13
2.202100311929959473e-13
2.070034847450092814e-13
1.934119964600724141e-13
1.797706346842380066e-13
1.663750962976703323e-13
1.534738591845381629e-13
1.412646286874535005e-13
1.298946170104661626e-13
1.194639243203099940e-13
1.100311550253295406e-13
1.016203910917165400e-13
9.422872960559944313e-14
8.783373984946967415e-14
8.240037139588427643e-14
7.786282373391093598e-14
7.423150737178430358e-14
7.143643538241091442e-14
6.944291420459406500e-14
6.822427770137628613e-14
6.776342795050009632e-14
6.805373833793090307e-14
6.909938663300869841e-14
7.091514517023981755e-14
7.352561095184864175e-14
7.696381654073201734e-14
8.126912932948103780e-14
8.648432894696657057e-14
9.265175749291474547e-14
9.980847219739148005e-14
1.079804009129639364e-13
1.171756103317306335e-13
1.273769423471255224e-13
1.384653554007781693e-13
1.504843132714620632e-13
1.632346008316383527e-13
1.765306946859892728e-13
1.901360520326586038e-13
2.037656988095518848e-13
2.170930329753697076e-13
2.297610129046061285e-13
2.413974340901451237e-13
2.516334846546495007e-13
2.601242832968125874e-13
2.665697210029271537e-13
2.707337216469014891e-13
2.724600560970024488e-13
2.716831057056431476e-13
2.684324508400143308e-13
2.628307977765350897e-13
2.550854643487776814e-13
2.454743203030710630e-13
2.343276271256928825e-13
2.220075714224662102e-13
2.088873976233998314e-13
1.953319212392029606e-13
1.816808810659053285e-13
1.682361324316807803e-13
1.552531715836456052e-13
1.429369895569263079e-13
1.314418438799487640e-13
1.208742473166096327e-13
1.112983185611211444e-13
1.027426118763707753e-13
9.520761615385139623e-14
8.867325512683305956e-14
8.310589461039819601e-14
7.843959930447803929e-14
7.468624721402734989e-14
7.177449124519794873e-14
6.966866502343091249e-14
6.834085068274520483e-14
6.777251798957663475e-14
6.795551340472180729e-14
6.889247186909795521e-14
7.059341465474976403e-14
7.307896754183901382e-14
7.638232589960941877e-14
8.054176129112229665e-14
8.559941004140515208e-14
9.159762045641400075e-14
9.857432575968094097e-14
1.065574299354959399e-13
1.155582948997487790e-13
1.255645546680070083e-13
1.364646529667009268e-13
1.483077227036940378e-13
1.609050694032532153e-13
1.740815927798337288e-13
1.876116780904444387e-13
2.012210528911798626e-13
2.145927182768482485e-13
2.273771952417544825e-13
2.392068846162090436e-13
2.497138408252787823e-13
2.585497727035336299e-13
2.654066851503818411e-13
2.700363356081293763e-13
2.722666526296407360e-13
2.720134728795336127e-13
2.692863828849805790e-13
2.641880505262959299e-13
2.569071169867851240e-13
2.477053955509076790e-13
2.369006939308271415e-13
2.248469650722222541e-13
2.119136526089868122e-13
1.984660242521933994e-13
1.848480091079586453e-13
1.713686315390910143e-13
1.582926388438714625e-13
1.458354282394158039e-13
1.341619544175834015e-13
1.233889858545410018e-13
1.135898954774137338e-13
1.048011157579422785e-13
9.702943874380921467e-14
9.025946656966119210e-14
8.446068335820530104e-14
7.956753057494325812e-14
7.559503804487710865e-14
7.246992925913585922e-14
7.015513899115940514e-14
6.862070506687143094e-14
6.784557534596452125e-14
6.781875034905130420e-14
6.853984194678274352e-14
7.002055193887224393e-14
7.228621591052037857e-14
7.536431058755521474e-14
7.929178660992651682e-14
8.411036590993810245e-14
8.986310175207411101e-14
9.658996517198414300e-14
1.043224232084891750e-13
1.130770671596221298e-13
1.228484798988932731e-13
1.335349006585223922e-13
1.451928524360292483e-13
1.576459700456927884e-13
1.707304993259855613e-13
1.842317388227095167e-13
1.978849684606083096e-13
2.113803998044782449e-13
2.243724896949254258e-13
2.364935298047723933e-13
2.473709238548344931e-13
2.566470568911188334e-13
2.640002245008012608e-13
2.691648005758613222e-13
2.719487408796456103e-13
2.722466777709920192e-13
2.700472528335465917e-13
2.654339135021917118e-13
2.585790889399667774e-13
2.497323617012822844e-13
2.392038652487378249e-13
2.273445789765852285e-13
2.145254080275273979e-13
2.011169092335278192e-13
1.874712800798530241e-13
1.739078194981990924e-13
1.607025715772727440e-13
1.480823543744918646e-13
1.362229248900301103e-13
1.252506872440002368e-13
1.152471389020707113e-13
1.062551699980831360e-13
9.828636460854325776e-14
9.132856936424752315e-14
8.535315886859136393e-14
8.029439837432594243e-14
7.616916065387378356e-14
7.290237999569892638e-14
7.045576496133979105e-14
6.879784476843704808e-14
6.790591639871743944e-14
6.776730105573772887e-14
6.837999665898670366e-14
6.975277750625494859e-14
7.190474933326367857e-14
7.486432397162810647e-14
7.866753879419789231e-14
8.335561862243154151e-14
8.897166879153996636e-14
9.555640499303098415e-14
1.031428751969969543e-13
1.117502162281973180e-13
1.213766131680621649e-13
1.319257858273074054e-13
1.434583046136502827e-13
1.558052384417087230e-13
1.688100003142926755e-13
1.822652221063549131e-13
1.959131564661515985e-13
2.094500223425620173e-13
2.225346885046049639e-13
2.348016745906841099e-13
2.458779551416723295e-13
2.554025411508088924e-13
2.630473622122946954e-13
2.685376578380345018e-13
2.716699727343903476e-13
2.723259741496472844e-13
2.704806693179459819e-13
2.662041575869559013e-13
2.596567309110375081e-13
2.510778421243329592e-13
2.407700921046944402e-13
2.290798571705715323e-13
2.163764278338334754e-13
2.030315380349774185e-13
1.894009480624205179e-13
1.758093554505534317e-13
1.625394184343406029e-13
1.498251647158388063e-13
1.378495954165114562e-13
1.267459327027689835e-13
1.166017280063334498e-13
1.074649498304496167e-13
9.935118940126291701e-14
9.225122925598664897e-14
8.613837925532713293e-14
8.094718956144309116e-14
7.669640443227312756e-14
7.330985577586711630e-14
7.074848685867995107e-14
6.897972011638010644e-14
6.797951126950743433e-14
6.773369831328312910e-14
6.823873615416988411e-14
6.950187369655061494e-14
7.154078794600787377e-14
7.438264546040297014e-14
7.806252137064868621e-14
8.262107662141909540e-14
8.810138200697199237e-14
9.454479035415961077e-14
1.019858028392566353e-13
1.104459571528647983e-13
1.199268855093651632e-13
1.303376423981730217e-13
1.417426906045319985e-13
1.539804260941599550e-13
1.669013657131773134e-13
1.803054773642246947e-13
1.939420695742901881e-13
2.075135407395098529e-13
2.206834325046446586e-13
2.330888321344161706e-13
2.443566826545367600e-13
2.541230466084932750e-13
2.620539045031235028e-13
2.678657305875474367e-13
2.713439431730999743e-13
2.723574152442942481e-13
2.708675587355597411e-13
2.669310281055832603e-13
2.606957558930389144e-13
2.523907410424773800e-13
2.423106588435542596e-13
2.307968589829914544e-13
2.182166016938706451e-13
2.049424243167581739e-13
1.913333442199505837e-13
1.777192357943337992e-13
1.643892391447102209e-13
1.515845448221479941e-13
1.394954253806399481e-13
1.282620063668638212e-13
1.179780184877725482e-13
1.086966562916875953e-13
1.004376728143001313e-13
9.319493605276708229e-14
8.694382714997538783e-14
8.161929327558058470e-14
7.724205849143462341e-14
7.373492378422017745e-14
7.105812511689709975e-14
6.917801965392840423e-14
6.806924915986406034e-14
6.771618339260813350e-14
6.811373804453963760e-14
6.926762953807970932e-14
7.118865469989925611e-14
7.390310471105652823e-14
7.744534215382450015e-14
8.185504534790657299e-14
8.717480829613395495e-14
9.344621707759193093e-14
1.007049406228480905e-13
1.089748480922166152e-13
1.182612769815580567e-13
1.285437223236979268e-13
1.396989477350467020e-13
1.517670852667710053e-13
1.645442873599936227e-13
1.778411374436731885e-13
1.914178700744889405e-13
2.049873436761068304e-13
2.182221943499851704e-13
2.307662939841056604e-13
2.422501720193877495e-13
2.523095579644300761e-13
2.606057320822270472e-13
2.668460111854709039e-13
2.708025133243680305e-13
2.723273850279285506e-13
2.713629500361736557e-13
2.679457232280756195e-13
2.622038660196582438e-13
2.543483522183302590e-13
2.446587677991241150e-13
2.334651927618597702e-13
2.211279394841129935e-13
2.080170153142240181e-13
1.944930414511304563e-13
1.808910343742029006e-13
1.675080044600719760e-13
1.545948249051918531e-13
1.423523460394759007e-13
1.309313344086110446e-13
1.204355394069028776e-13
1.109270452671917537e-13
1.024330437084102447e-13
9.495323771543484883e-14
8.846722686784333298e-14
8.294139549065836197e-14
7.831024589702677019e-14
7.458562492098707283e-14
7.169684499625152860e-14
6.960866049473502010e-14
6.829351531220939577e-14
6.773314949937513052e-14
6.791956788613447086e-14
6.885544170592854194e-14
7.055724363979143978e-14
7.305066612999177706e-14
7.636608588212057007e-14
8.054210028243872614e-14
8.562118846626037127e-14
9.164600215196025133e-14
9.865466617337027773e-14
1.066750766496065044e-13
1.157182886280088506e-13
1.257712257437491975e-13
1.367208176667811285e-13
1.486150055915642546e-13
1.612623959851306250e-13
1.744848690818853829e-13
1.880532666658823082e-13
2.016894130996873760e-13
2.150722915673520540e-13
2.278486049185532301e-13
2.396474954900255729e-13
2.500986884245468128e-13
2.588528279708534686e-13
2.656023745601438890e-13
2.701011955367573918e-13
2.721809677991951762e-13
2.717627376411007458e-13
2.688624342312613835e-13
2.635897527631475081e-13
2.561405260562650694e-13
2.467833891574943244e-13
2.358421131727992869e-13
2.236753653688539738e-13
2.106557989860814526e-13
1.971502839420167266e-13
1.835027918394343202e-13
1.700210071464873233e-13
1.569672278805730787e-13
1.445536206017468139e-13
1.329414701630695776e-13
1.222437570106010446e-13
1.125302214284668275e-13
1.038340293921904645e-13
9.615921558602674253e-14
8.948821279529949874e-14
8.378894822038578966e-14
7.899548861757858744e-14
7.512127216958666451e-14
7.209369128314733097e-14
6.987617607695641855e-14
6.843960725573574090e-14
6.776405482526554425e-14
6.783985412451517374e-14
6.866809679839117921e-14
7.026057603859547322e-14
7.263918158951433704e-14
7.583469680306983370e-14
7.988491362818809061e-14
8.483195846855661086e-14
9.071871951348074694e-14
9.758429177509619409e-14
1.054584161086804525e-13
1.143549868394761757e-13
1.242648384170577021e-13
1.350806559767668968e-13
1.468547327847425278e-13
1.594032863793257317e-13
1.725554490070104405e-13
1.860893384002449742e-13
1.997335257537642320e-13
2.131725943814055532e-13
2.260570757131189753e-13
2.380176068047931883e-13
2.486826476448566728e-13
2.576985946842590505e-13
2.647507072461083839e-13
2.695830008540050776e-13
2.720152132649608170e-13
2.719551416249402988e-13
2.694050708409964086e-13
2.644616134124882458e-13
2.573089777540861922e-13
2.482063763979079592e-13
2.374708787405270849e-13
2.254574245902264764e-13
2.125378958399530685e-13
1.990810842053446110e-13
1.854351213386336813e-13
1.719135121437882600e-13
1.587854083257106377e-13
1.462702549423319227e-13
1.345365046363992587e-13
1.237037682613266676e-13
1.138475779023676046e-13
1.050058762669118665e-13
9.718639408574122195e-14
9.037420258897227188e-14
8.453889611403259095e-14
7.961460606625506911e-14
7.561643371905287671e-14
7.247053040811290920e-14
7.013945019021102760e-14
6.859288882100490312e-14
6.780952508188474070e-14
6.777818587619675106e-14
6.849841735750291382e-14
6.998050736973374105e-14
7.224496106104459366e-14
7.532138786166986134e-14
7.924672025407523529e-14
8.406265946441756549e-14
8.981223747624199822e-14
9.653540596899476723e-14
1.042636175870302755e-13
1.130134577294838421e-13
1.227795157837526718e-13
1.334600914256710699e-13
1.451116791172896383e-13
1.575580153140854589e-13
1.706354396494954238e-13
1.841293720112358339e-13
1.977752404134312114e-13
2.112634282414770270e-13
2.242485824978016941e-13
2.363631956768414966e-13
2.472348733645395134e-13
2.565061925938262303e-13
2.638556196918337260e-13
2.690176672303548776e-13
2.718003883655360492e-13
2.720984648492677542e-13
2.699005361598841528e-13
2.652899962183807296e-13
2.584391729385994581e-13
2.495975067633615370e-13
2.390749575453582695e-13
2.272223104910883709e-13
2.144102674189942441e-13
2.010091836574782502e-13
1.873710666239035375e-13
1.738150442639257162e-13
1.606170140882239026e-13
1.480036749152042447e-13
1.361506925464043238e-13
1.251844067604566162e-13
1.151862749226431458e-13
1.061991677452742794e-13
9.823466651492482302e-14
9.128062756443840677e-14
8.530844375966164252e-14
8.025241787991548357e-14
7.612941682836321362e-14
7.286441695496320968e-14
7.041914944232218536e-14
6.876216241774287396e-14
6.787076708987169134e-14
6.773229360367960948e-14
6.834474325058387552e-14
6.971620215873896554e-14
7.185987046538785433e-14
7.480622250777007214e-14
7.859095772717981497e-14
8.325492135342347105e-14
8.884085075410220593e-14
9.538917527996055192e-14
1.029328250518752399e-13
1.114910890422489158e-13
1.210626851245914859e-13
1.315527229197410397e-13
1.430226646356090920e-13
1.553061822791843012e-13
1.682496202111487392e-13
1.816491622711163474e-13
1.952511035914725694e-13
2.087559801962936377e-13
2.218269563550596975e-13
2.341024678856482550e-13
2.452126384670547943e-13
2.547984854819664458e-13
2.625324858426486919e-13
2.681387562993827385e-13
2.714109799616064825e-13
2.722263182358124726e-13
2.705538867302183870e-13
2.664569081819833536e-13
2.600883147531396613e-13
2.516802636986189318e-13
2.415286562406502575e-13
2.299742230164710187e-13
2.173820009567451189e-13
2.041210522904878224e-13
1.905460811214367918e-13
1.769822340545395795e-13
1.637138977156086852e-13
1.509778043018903490e-13
1.389602967859430466e-13
1.277982411343082801e-13
1.175828337342588598e-13
1.083654440162677094e-13
1.001646406855059367e-13
9.297364714751399807e-14
8.676762378088939425e-14
8.148181393775464499e-14
7.713677215675516949e-14
7.365594150570418422e-14
7.099998376399192979e-14
6.913565604712424906e-14
6.803793216112504145e-14
6.769141742899548844e-14
6.809114941858106147e-14
6.924284531453517780e-14
7.116804693530067610e-14
7.389201544464221730e-14
7.744820660055220434e-14
8.187664046333385505e-14
8.722025573555030798e-14
9.352092449977213546e-14
1.008144651445408119e-13
1.091246671239106790e-13
1.184564560333108208e-13
1.287884773857408050e-13
1.399957956110832522e-13
1.521171899724044345e-13
1.649458923407669603e-13
1.782892696002410212e-13
1.919038454724400148e-13
2.054984616365501922e-13
2.187416994630627279e-13
2.312736707015391690e-13
2.427218087793310387e-13
2.527197791515394511e-13
2.609281508294804738e-13
2.670551103759482463e-13
2.708753234714572478e-13
2.722451030116451829e-13
2.711123372179269473e-13
2.675201375773359182e-13
2.616038192723073037e-13
2.535815349028338172e-13
2.437395446202748530e-13
2.324136293776039237e-13
2.199684705296874641e-13
2.067768959127934660e-13
1.932007367532029721e-13
1.795746937715290815e-13
1.661941421702550359e-13
1.533072921424350720e-13
1.411116386099201524e-13
1.297542397236117362e-13
1.193350937260654497e-13
1.099127486379663096e-13
1.015112676062851137e-13
9.412775799299252817e-14
8.773982017019619235e-14
8.231244802221087045e-14
7.777991773599229940e-14
7.415263491203354340e-14
7.136069301749097089e-14
6.936944088222211233e-14
6.815224594306884697e-14
6.769203350264350737e-14
6.798218898135888367e-14
6.902689076019351234e-14
7.084090070189229085e-14
7.344879517428388661e-14
7.688357749844181600e-14
8.118457949412770681e-14
8.639454198778597304e-14
9.255576907038523409e-14
9.970528576111925029e-14
1.078689994697103088e-13
1.170549750219391535e-13
1.272460783932799020e-13
1.383233963779093372e-13
1.503303537953213175e-13
1.630679446639871496e-13
1.763508390582459122e-13
1.899427379195273229e-13
2.035589580485490409e-13
2.168732280016491997e-13
2.295288647604176203e-13
2.411540347310087551e-13
2.513802904472744104e-13
2.598630879514576800e-13
2.663026078915671646e-13
2.704629973452843930e-13
2.721881688247527395e-13
2.714125538839738673e-13
2.681656880294132039e-13
2.625701406495854409e-13
2.548330100393315561e-13
2.452318784964897513e-13
2.340966707530431753e-13
2.217892080004514287e-13
2.086823613807128286e-13
1.951405844219782432e-13
1.815032814112086964e-13
1.680720128625320834e-13
1.551020277576405778e-13
1.427981209640609978e-13
1.313144046455823458e-13
1.207572935984061627e-13
1.111908502989980005e-13
1.026436075375967470e-13
9.511605991363290056e-14
8.858815657444401324e-14
8.302630154329278816e-14
7.836462830580856254e-14
7.461500888701642328e-14
7.170616949759431807e-14
6.960248259066030581e-14
6.827606147981098526e-14
6.770839798875909249e-14
6.789135067110326905e-14
6.882755630847323388e-14
7.053029793380329904e-14
7.302281852486861430e-14
7.633702690046707668e-14
8.051150746513985702e-14
8.558872499822968294e-14
9.161131690434624491e-14
9.861739552110306960e-14
1.066348484231352775e-13
1.156747285189178106e-13
1.257239663924458793e-13
1.366695361233902604e-13
1.485593627178296240e-13
1.612021260232193629e-13
1.744197741809516718e-13
1.879832354060115640e-13
2.016144380974120104e-13
2.149924846301235703e-13
2.277642081497997943e-13
2.395588868499359071e-13
2.500063805420321415e-13
2.587574594707800808e-13
2.655046937796876384e-13
2.700020371920860312e-13
2.720812238466122393e-13
2.716633241669128276e-13
2.687642566215403508e-13
2.634936715895965064e-13
2.560473260409591160e-13
2.466937532576525048e-13
2.357566033022805523e-13
2.235944106180950472e-13
2.105796915035269459e-13
1.970791819845444480e-13
1.834367289602006934e-13
1.699599061158784103e-13
1.569109177509675514e-13
1.445018553230384303e-13
1.328939473039793126e-13
1.222001353966769078e-13
1.124901368217766973e-13
1.037971076633665461e-13
9.612508312882104723e-14
8.945650418176486454e-14
8.375931127867472513e-14
7.896759629889445622e-14
7.509479440009931445e-14
7.206832526428502086e-14
6.985163344041029248e-14
6.841561135362875067e-14
6.774033743523522912e-14
6.781615180747558693e-14
6.864414711677769520e-14
7.023379526117239478e-14
7.260308918690551514e-14
7.578441809306936124e-14
7.981522487362905441e-14
8.473725947093455719e-14
9.059306354661501783e-14
9.742148964772036689e-14
1.052522307104770939e-13
1.140994314694040921e-13
1.239545856587122280e-13
1.347119132310449052e-13
1.464247744324122320e-13
1.589121587448689514e-13
1.720062864705344424e-13
1.854889474301370177e-13
1.990928148228400081e-13
2.125067649411554858e-13
2.253854986465418677e-13
2.373633312072740966e-13
2.480715236050079041e-13
2.571580356657731519e-13
2.643081651185313190e-13
2.692642704482841382e-13
2.718427160721237190e-13
2.719463535690668758e-13
2.695712530863128959e-13
2.648069774974704465e-13
2.578303703010683424e-13
2.488935107881281348e-13
2.383070801064825826e-13
2.264207993517337636e-13
2.136027956530697732e-13
2.002197118253954512e-13
1.866191243017586809e-13
1.731154276222702135e-13
1.599798544174444706e-13
1.474348036887563332e-13
1.356522135100650988e-13
1.247553838511054335e-13
1.148234538990739497e-13
1.058976655793499937e-13
9.798858199623864539e-14
9.108354587741810309e-14
8.515382458347900090e-14
8.013406542794767754e-14
7.604102824242345772e-14
7.280032674849650290e-14
7.037411052252776820e-14
6.873130753441109310e-14
6.784953254293852091e-14
6.771631796309824275e-14
6.832975184916846143e-14
6.969925856234403071e-14
7.184968332952121490e-14
7.480709955431419071e-14
7.860752058161678038e-14
8.329214344417800611e-14
8.890404447717931987e-14
9.548391241231706262e-14
1.030647742782198725e-13
1.116657566393663484e-13
1.212850502095775741e-13
1.318264515282940835e-13
1.433504892868120503e-13
1.556883631626890581e-13
1.686836067100133502e-13
1.821290094113916667e-13
1.957670179302017154e-13
2.092940780588083008e-13
2.223693114740317885e-13
2.346275068943450258e-13
2.456959115150188492e-13
2.552137980477775718e-13
2.628533315617928580e-13
2.683399460254876468e-13
2.714703267349195889e-13
2.721262180221300445e-13
2.702826352692061645e-13
2.660096163935395198e-13
2.594673265600287330e-13
2.508950350934361821e-13
2.405951148077264831e-13
2.289136838722931373e-13
2.162197599528463424e-13
2.028848043827706929e-13
1.892643183719806182e-13
1.756827646509828842e-13
1.624225985962811800e-13
1.497176814360206883e-13
1.377508855872312685e-13
1.266553410454660419e-13
1.165185403408146971e-13
1.073884217048780893e-13
9.928056933840451547e-14
9.218577641661303156e-14
8.607737574422342880e-14
8.088996766816086632e-14
7.664228686446850949e-14
7.325822258648088653e-14
7.069874894453316619e-14
6.893131445382163773e-14
6.793189475415586623e-14
6.768634071233551814e-14
6.819111260996127417e-14
6.945345717491231025e-14
7.149104200783787762e-14
7.433101775062692220e-14
7.800843826205076132e-14
8.256393951391803506e-14
8.804056585340429480e-14
9.447964504425745640e-14
1.019156581025195258e-13
1.103701316134647851e-13
1.198447004165982359e-13
1.302484849440429675e-13
1.416459073400037134e-13
1.538754773125606724e-13
1.667878163884216333e-13
1.801830307280973533e-13
1.938106004626867393e-13
2.073731260973980271e-13
2.205343761723238654e-13
2.329316810439013257e-13
2.441922318983469491e-13
2.539523315165257583e-13
2.618781788387949708e-13
2.676864311624802655e-13
2.711626424478455439e-13
2.721757646734824755e-13
2.706872265714245994e-13
2.667536359617605429e-13
2.605228185073151301e-13
2.522236133428426442e-13
2.421504936637589646e-13
2.306445776979274495e-13
2.180728787977200258e-13
2.048076857093751736e-13
1.912077778497023670e-13
1.776028124456044216e-13
1.642817406245666469e-13
1.514855966097585856e-13
1.394045309235835768e-13
1.281785805734427762e-13
1.179014184872581434e-13
1.086262081253835099e-13
1.003726933002983506e-13
9.313474957682312133e-14
8.688777753798716976e-14
8.156676968384792542e-14
7.719243999175646635e-14
7.368764223490854776e-14
7.101264083388893082e-14
6.913381730482089485e-14
6.802583231384536481e-14
6.767306819911604676e-14
6.807044644758696974e-14
6.922368238865609214e-14
7.114899794939201921e-14
7.387226902543083737e-14
7.742754297097265619e-14
8.185483024401155420e-14
8.719705923222505268e-14
9.349609205477890743e-14
1.007877388077551422e-13
1.090957838920627108e-13
1.184251528697934354e-13
1.287544981571653940e-13
1.399589183309720800e-13
1.520771835296541897e-13
1.649025810355559857e-13
1.782425290880873375e-13
1.918536157472408029e-13
2.054447590835019126e-13
2.186846268783493579e-13
2.312134241597441776e-13
2.426586803378304610e-13
2.526541546213812020e-13
2.608605022029945189e-13
2.669859829509376013e-13
2.708053182012853765e-13
2.721748550799030582e-13
2.710424922238933711e-13
2.674513269707891557e-13
2.615366367576813247e-13
2.535165154314688396e-13
2.436771473199183044e-13
2.323542253682208632e-13
2.199123360987545836e-13
2.067242110337243536e-13
1.931515884868055413e-13
1.795290837401092893e-13
1.661519970669793058e-13
1.532684761443535272e-13
1.410759665921548892e-13
1.297214903004911779e-13
1.193050213397265764e-13
1.098850941412851386e-13
1.014857670134537673e-13
9.410414927332240787e-14
8.771784812343503488e-14
8.229186739032247558e-14
7.776050081174637825e-14
7.413415245641301377e-14
7.134293425789314880e-14
6.935220463935522599e-14
6.813533858379466428e-14
6.767526652737738492e-14
6.796537640703485867e-14
6.900984644136555929e-14
7.081913273883519617e-14
7.341660480637765345e-14
7.683607898373528769e-14
8.111652876222961058e-14
8.630032426584737517e-14
9.242944817656377109e-14
9.954073184485394820e-14
1.076601108934575484e-13
1.167960061203881933e-13
1.269320772282471400e-13
1.379511015568903660e-13
1.498977472599101605e-13
1.625759567087829870e-13
1.758036464637946316e-13
1.893483077244549476e-13
2.029294130926228201e-13
2.162249511777682626e-13
2.288822718773474774e-13
2.405329720070746874e-13
2.508110504339242060e-13
2.593730831393648285e-13
2.659187882614003655e-13
2.702101393384364222e-13
2.720871913525300356e-13
2.714790263309722413e-13
2.684086828161694642e-13
2.629915494734716807e-13
2.554273927437577697e-13
2.459868539214346726e-13
2.349937988209819851e-13
2.228052605750734727e-13
2.097908433014487063e-13
1.963133498315648820e-13
1.827120947919694969e-13
1.692899264330414748e-13
1.563044818321417476e-13
1.439637149714206860e-13
1.324253271631266020e-13
1.217994345404396795e-13
1.121536437581986906e-13
1.035196682949115159e-13
9.590068082894697089e-14
8.927872988219943959e-14
8.362171719998694398e-14
7.886412246461365973e-14
7.501932766539750287e-14
7.201538367875670795e-14
6.981614404205152369e-14
6.839285996688813976e-14
6.772588472154594165e-14
6.780572765602126908e-14
6.863353362978448612e-14
7.022334420547566670e-14
7.260075324466903225e-14
7.579464453385600862e-14
7.984279222911872350e-14
8.478730278229249971e-14
9.067104416758002706e-14
9.753309331110991032e-14
1.054031780067819380e-13
1.142951878968724897e-13
1.241999648231651690e-13
1.350102524250464622e-13
1.467783190419499948e-13
1.593204800908428854e-13
1.724659583582982295e-13
1.859929879373367422e-13
1.996302812305859331e-13
2.130625845318108616e-13
2.259406087220928402e-13
2.378951793591731835e-13
2.485549448083152548e-13
2.575664794582909680e-13
2.646151995025983780e-13
2.694452462722184936e-13
2.718764438652660993e-13
2.718166303403145545e-13
2.692680831904863269e-13
2.643273596509718032e-13
2.571785688254953795e-13
2.480807866210024486e-13
2.373509174635798273e-13
2.253437181595843666e-13
2.124308802564040812e-13
1.989810079136557752e-13
1.853420568154787931e-13
1.718273743925334419e-13
1.587059780891102245e-13
1.461972044025813387e-13
1.344694235494684702e-13
1.236421888100378710e-13
1.137909969817062563e-13
1.049537743693690603e-13
9.713825037933988692e-14
9.032950613797909840e-14
8.449715346213835361e-14
7.957535861059279547e-14
7.557921763851247370e-14
7.243492040940218501e-14
7.010504140486327728e-14
6.855929317971266968e-14
6.777636681740391269e-14
6.774509649349992275e-14
6.846503036596729974e-14
6.994645304680335329e-14
7.220986151286750034e-14
7.528485266349434074e-14
7.920834298852231308e-14
8.402201552284538475e-14
8.976888353765839691e-14
9.648888160934564169e-14
1.042134494831808345e-13
1.129591668889559102e-13
1.227206281357311995e-13
1.333961839027292826e-13
1.450423037026763004e-13
1.574828103052527569e-13
1.705541231032752073e-13
1.840417654635045730e-13
1.976812919668075265e-13
2.111632331202648598e-13
2.241423990289275376e-13
2.362514547197654053e-13
2.471181795128739842e-13
2.563853160063695949e-13
2.637314781442145545e-13
2.688912988384896562e-13
2.716729163192973181e-13
2.719710562966485186e-13
2.697743579906895794e-13
2.651661708271107792e-13
2.583187370515079449e-13
2.494813760936711037e-13
2.389638994386942934e-13
2.271169259240874796e-13
2.143109828251829744e-13
2.009162521888523257e-13
1.872845777146943621e-13
1.737349398184806844e-13
1.605431093062102872e-13
1.479356816962781826e-13
1.360882435532172711e-13
1.251270785114312743e-13
1.151336086718715626e-13
1.061506873244238848e-13
9.818989270895718706e-14
9.123908893189838694e-14
8.526968406847932943e-14
8.021601284138485116e-14
7.609493650564612219e-14
7.283146735609475182e-14
7.038735570365562872e-14
6.873116561451557646e-14
6.784022019561967245e-14
6.770185691679002220e-14
6.831407956393528509e-14
6.968565789862808254e-14
7.183568323839764128e-14
7.479254418656153865e-14
7.859224776529746788e-14
8.327598371659667425e-14
8.888682076405759607e-14
9.546544053483032284e-14
1.030448644753363839e-13
1.116442162828178958e-13
1.212616878546130153e-13
1.318010950649403069e-13
1.433229557267979928e-13
1.556585026876881888e-13
1.686513001209498064e-13
1.820941776590609580e-13
1.957296315006757409e-13
2.092541654631819833e-13
2.223269660245276684e-13
2.345828909608804123e-13
2.456492575620649546e-13
2.551654059527011056e-13
2.628035620003740118e-13
2.682892100510155860e-13
2.714190720355630452e-13
2.720749126722646331e-13
2.702317500498655524e-13
2.659596069091065741e-13
2.594186164010714407e-13
2.508480011858683637e-13
2.405500758617860980e-13
2.288708925328354084e-13
2.161793988973641295e-13
2.028469862609885735e-13
1.892290891724484256e-13
1.756501098474099981e-13
1.623924512871509705e-13
1.496899316482164821e-13
1.377253899577243703e-13
1.266319322047201507e-13
1.164970354726634605e-13
1.073686299250876431e-13
9.926229769617423697e-14
9.216883446387232103e-14
8.606157872737686662e-14
8.087514359565387685e-14
7.662826103936164890e-14
7.324483495566501302e-14
7.068584725002932148e-14
6.891875301029558322e-14
6.791953286139170341e-14
6.767404083381577397e-14
6.817873843096164774e-14
6.944087164212375825e-14
7.147146050825523006e-14
7.429982945931201105e-14
7.796071373567787919e-14
8.249438447362831683e-14
8.794352487728096524e-14
9.434917142525660073e-14
1.017456665166468863e-13
1.101546484335314972e-13
1.195782215810937162e-13
1.299916003058178199e-13
1.412655878183210164e-13
1.534355891908519393e-13
1.662901954301765930e-13
1.796329143733981647e-13
1.932171262242114183e-13
2.067496277194732304e-13
2.198983971402384225e-13
2.323046417597220454e-13
2.435987165168010765e-13
2.534190008497429663e-13
2.614323622397323745e-13
2.673544963075134452e-13
2.709682799970409635e-13
2.721383479262944503e-13
2.708204094253279477e-13
2.670643337882083051e-13
2.610106777362848921e-13
2.528810218773330725e-13
2.429631236416169564e-13
2.315923936601631511e-13
2.191314965550523572e-13
2.059499365707411248e-13
1.924053226592929947e-13
1.788276597802559398e-13
1.655075500359514009e-13
1.526886852108053250e-13
1.405645432125048704e-13
1.292788208125846823e-13
1.189288772621216647e-13
1.095713369649217279e-13
1.012289926260719662e-13
9.389823675838050455e-14
8.755639568958232514e-14
8.216851280673728352e-14
7.766930689849517570e-14
7.406917515982071754e-14
7.129885174880006978e-14
6.932409206493338461e-14
6.811860726048044077e-14
6.766557312921806588e-14
6.795851362382661367e-14
6.900162493362899244e-14
7.081386876997730535e-14
7.342080971703601966e-14
7.685432679183239845e-14
8.115373826357157634e-14
8.636177019807725005e-14
9.252071218142864700e-14
9.966757681337489100e-14
1.078282633593062347e-13
1.170108352802320759e-13
1.271981666862505919e-13
1.382713907274007295e-13
1.502739173640105829e-13
1.630068167239708953e-13
1.762848294256175849e-13
1.898717455904687594e-13
2.034829887323080849e-13
2.167924089905386597e-13
2.294434555298749115e-13
2.410644317895392761e-13
2.512870252714853640e-13
2.597668173333131943e-13
2.662040966524721673e-13
2.703630940678332348e-13
2.720877759338620040e-13
2.713125939858658916e-13
2.680670688105904366e-13
2.624737207929900714e-13
2.547395685090274408e-13
2.451420891903786672e-13
2.340110839748744507e-13
2.217082395330630169e-13
2.086062892402055325e-13
1.950695527237499929e-13
1.814373102547954833e-13
1.680110127898038301e-13
1.550458171760277303e-13
1.427464449433533501e-13
1.312669536615816359e-13
1.207137210638311690e-13
1.111507880416409460e-13
1.026066787116947045e-13
9.508188912625131038e-14
8.855637725046089437e-14
8.299656072924527359e-14
7.833659813659296110e-14
7.458835867723960494e-14
7.168059541472238218e-14
6.957769480709896904e-14
6.825178134140784282e-14
6.768435462210270894e-14
6.786727726483539544e-14
6.880318627571870196e-14
7.050536114897859365e-14
7.299703783000906539e-14
7.631011509308444149e-14
8.048316500857371220e-14
8.555863873125190418e-14
9.157916006172355625e-14
9.858282940077586982e-14
1.065975260364655927e-13
1.156343005249339122e-13
1.256800895327943113e-13
1.366219080241082580e-13
1.485076656475501691e-13
1.611461101190127625e-13
1.743592524565762176e-13
1.879181010703509218e-13
2.015446810487086411e-13
2.149182056976770875e-13
2.276856295900568856e-13
2.394763576966498041e-13
2.499203756772428414e-13
2.586685717174263150e-13
2.654136188835290297e-13
2.699095522014564332e-13
2.719881600370397719e-13
2.715705362113160480e-13
2.686725901001985181e-13
2.634039311120732530e-13
2.559602461891183787e-13
2.466099742636910464e-13
2.356766528899703898e-13
2.235186928262609133e-13
2.105084826590100450e-13
1.970126333786749540e-13
1.833748752769131415e-13
1.699026783081151836e-13
1.568581588854843663e-13
1.444533379065762483e-13
1.328493907389786737e-13
1.221592224514113351e-13
1.124525282917935295e-13
1.037624547047921415e-13
9.609303702404864532e-14
8.942672353037079493e-14
8.373146677917327807e-14
7.894138191938699169e-14
7.506990094729290976e-14
7.204446887704727942e-14
6.982854354063258859e-14
6.839302811488588743e-14
6.771800869623129860e-14
6.779382965307976096e-14
6.862158432176259995e-14
7.021306034244675564e-14
7.259013513087806128e-14
7.578357379793829649e-14
7.983114545485043391e-14
8.477495090463018729e-14
9.065785239221545480e-14
9.751892169610547486e-14
1.053878828470162950e-13
1.142786240399168557e-13
1.241819890135800661e-13
1.349907374750068519e-13
1.467571307201670459e-13
1.592975111769673129e-13
1.724411266448168296e-13
1.859662434319730780e-13
1.996016131009253333e-13
2.130320272076561064e-13
2.259082465353372610e-13
2.378611491289103198e-13
2.485194358788022992e-13
