1.917808219178082293e-02
3.835616438356164587e-02
5.753424657534246534e-02
7.671232876712329174e-02
9.589041095890410427e-02
1.150684931506849307e-01
1.342465753424657571e-01
1.534246575342465835e-01
1.726027397260274099e-01
1.917808219178082085e-01
2.109589041095890349e-01
2.301369863013698613e-01
2.493150684931506877e-01
2.684931506849315141e-01
2.876712328767123128e-01
3.068493150684931670e-01
3.260273972602739656e-01
3.452054794520548198e-01
3.643835616438356184e-01
3.835616438356164171e-01
4.027397260273972712e-01
4.219178082191780699e-01
4.410958904109589240e-01
4.602739726027397227e-01
4.794520547945205213e-01
4.986301369863013755e-01
5.178082191780821741e-01
5.369863013698630283e-01
5.561643835616438825e-01
5.753424657534246256e-01
5.945205479452054798e-01
6.136986301369863339e-01
6.328767123287670771e-01
6.520547945205479312e-01
6.712328767123287854e-01
6.904109589041096395e-01
7.095890410958903827e-01
7.287671232876712368e-01
7.479452054794520910e-01
7.671232876712328341e-01
7.863013698630136883e-01
8.054794520547945424e-01
8.246575342465753966e-01
8.438356164383561397e-01
8.630136986301369939e-01
8.821917808219178481e-01
9.013698630136985912e-01
9.205479452054794454e-01
9.397260273972602995e-01
9.589041095890410427e-01
9.780821917808218968e-01
9.972602739726027510e-01
1.016438356164383494e+00
1.035616438356164348e+00
1.054794520547945202e+00
1.073972602739726057e+00
1.093150684931506911e+00
1.112328767123287765e+00
1.131506849315068397e+00
1.150684931506849251e+00
1.169863013698630105e+00
1.189041095890410960e+00
1.208219178082191814e+00
1.227397260273972668e+00
1.246575342465753522e+00
1.265753424657534154e+00
1.284931506849315008e+00
1.304109589041095862e+00
1.323287671232876717e+00
1.342465753424657571e+00
1.361643835616438425e+00
1.380821917808219279e+00
1.399999999999999911e+00
1.419178082191780765e+00
1.438356164383561620e+00
1.457534246575342474e+00
1.476712328767123328e+00
1.495890410958904182e+00
1.515068493150685036e+00
1.534246575342465668e+00
1.553424657534246522e+00
1.572602739726027377e+00
1.591780821917808231e+00
1.610958904109589085e+00
1.630136986301369939e+00
1.649315068493150793e+00
1.668493150684931425e+00
1.687671232876712279e+00
1.706849315068493134e+00
1.726027397260273988e+00
1.745205479452054842e+00
1.764383561643835696e+00
1.783561643835616328e+00
1.802739726027397182e+00
1.821917808219178037e+00
1.841095890410958891e+00
1.860273972602739745e+00
1.879452054794520599e+00
1.898630136986301453e+00
1.917808219178082085e+00
1.936986301369862939e+00
1.956164383561643794e+00
1.975342465753424648e+00
1.994520547945205502e+00
2.013698630136986356e+00
2.032876712328766988e+00
2.052054794520548064e+00
2.071232876712328697e+00
2.090410958904109773e+00
2.109589041095890405e+00
2.128767123287671037e+00
2.147945205479452113e+00
2.167123287671232745e+00
2.186301369863013822e+00
2.205479452054794454e+00
2.224657534246575530e+00
2.243835616438356162e+00
2.263013698630136794e+00
2.282191780821917870e+00
2.301369863013698502e+00
2.320547945205479579e+00
2.339726027397260211e+00
2.358904109589041287e+00
2.378082191780821919e+00
2.397260273972602551e+00
2.416438356164383627e+00
2.435616438356164259e+00
2.454794520547945336e+00
2.473972602739725968e+00
2.493150684931507044e+00
2.512328767123287676e+00
2.531506849315068308e+00
2.550684931506849384e+00
2.569863013698630017e+00
2.589041095890411093e+00
2.608219178082191725e+00
2.627397260273972801e+00
2.646575342465753433e+00
2.665753424657534065e+00
2.684931506849315141e+00
2.704109589041095774e+00
2.723287671232876850e+00
2.742465753424657482e+00
2.761643835616438558e+00
2.780821917808219190e+00
2.799999999999999822e+00
2.819178082191780899e+00
2.838356164383561531e+00
2.857534246575342607e+00
2.876712328767123239e+00
2.895890410958904315e+00
2.915068493150684947e+00
2.934246575342465579e+00
2.953424657534246656e+00
2.972602739726027288e+00
2.991780821917808364e+00
3.010958904109588996e+00
3.030136986301370072e+00
3.049315068493150704e+00
3.068493150684931337e+00
3.087671232876712413e+00
3.106849315068493045e+00
3.126027397260274121e+00
3.145205479452054753e+00
3.164383561643835829e+00
3.183561643835616461e+00
3.202739726027397094e+00
3.221917808219178170e+00
3.241095890410958802e+00
3.260273972602739878e+00
3.279452054794520510e+00
3.298630136986301586e+00
3.317808219178082219e+00
3.336986301369862851e+00
3.356164383561643927e+00
3.375342465753424559e+00
3.394520547945205635e+00
3.413698630136986267e+00
3.432876712328767344e+00
3.452054794520547976e+00
3.471232876712328608e+00
3.490410958904109684e+00
3.509589041095890316e+00
3.528767123287671392e+00
3.547945205479452024e+00
3.567123287671232656e+00
3.586301369863013733e+00
3.605479452054794365e+00
3.624657534246575441e+00
3.643835616438356073e+00
3.663013698630137149e+00
3.682191780821917781e+00
3.701369863013698414e+00
3.720547945205479490e+00
3.739726027397260122e+00
3.758904109589041198e+00
3.778082191780821830e+00
3.797260273972602906e+00
3.816438356164383539e+00
3.835616438356164171e+00
3.854794520547945247e+00
3.873972602739725879e+00
3.893150684931506955e+00
3.912328767123287587e+00
3.931506849315068663e+00
3.950684931506849296e+00
3.969863013698629928e+00
3.989041095890411004e+00
4.008219178082192080e+00
4.027397260273972712e+00
4.046575342465753344e+00
4.065753424657533976e+00
4.084931506849315497e+00
4.104109589041096129e+00
4.123287671232876761e+00
4.142465753424657393e+00
4.161643835616438025e+00
4.180821917808219546e+00
4.200000000000000178e+00
4.219178082191780810e+00
4.238356164383561442e+00
4.257534246575342074e+00
4.276712328767123594e+00
4.295890410958904226e+00
4.315068493150684859e+00
4.334246575342465491e+00
4.353424657534247011e+00
4.372602739726027643e+00
4.391780821917808275e+00
4.410958904109588907e+00
4.430136986301369539e+00
4.449315068493151060e+00
4.468493150684931692e+00
4.487671232876712324e+00
4.506849315068492956e+00
4.526027397260273588e+00
4.545205479452055108e+00
4.564383561643835741e+00
4.583561643835616373e+00
4.602739726027397005e+00
4.621917808219178525e+00
4.641095890410959157e+00
4.660273972602739789e+00
4.679452054794520421e+00
4.698630136986301054e+00
4.717808219178082574e+00
4.736986301369863206e+00
4.756164383561643838e+00
4.775342465753424470e+00
4.794520547945205102e+00
4.813698630136986623e+00
4.832876712328767255e+00
4.852054794520547887e+00
4.871232876712328519e+00
4.890410958904109151e+00
4.909589041095890671e+00
4.928767123287671303e+00
4.947945205479451936e+00
4.967123287671232568e+00
4.986301369863014088e+00
5.005479452054794720e+00
5.024657534246575352e+00
5.043835616438355984e+00
5.063013698630136616e+00
5.082191780821918137e+00
5.101369863013698769e+00
5.120547945205479401e+00
5.139726027397260033e+00
5.158904109589040665e+00
5.178082191780822185e+00
5.197260273972602818e+00
5.216438356164383450e+00
5.235616438356164082e+00
5.254794520547945602e+00
5.273972602739726234e+00
5.293150684931506866e+00
5.312328767123287498e+00
5.331506849315068131e+00
5.350684931506849651e+00
5.369863013698630283e+00
5.389041095890410915e+00
5.408219178082191547e+00
5.427397260273972179e+00
5.446575342465753700e+00
5.465753424657534332e+00
5.484931506849314964e+00
5.504109589041095596e+00
5.523287671232877116e+00
5.542465753424657748e+00
5.561643835616438380e+00
5.580821917808219013e+00
5.599999999999999645e+00
5.619178082191781165e+00
5.638356164383561797e+00
5.657534246575342429e+00
5.676712328767123061e+00
5.695890410958903693e+00
5.715068493150685214e+00
5.734246575342465846e+00
5.753424657534246478e+00
5.772602739726027110e+00
5.791780821917808630e+00
5.810958904109589263e+00
5.830136986301369895e+00
5.849315068493150527e+00
5.868493150684931159e+00
5.887671232876712679e+00
5.906849315068493311e+00
5.926027397260273943e+00
5.945205479452054576e+00
5.964383561643835208e+00
5.983561643835616728e+00
6.002739726027397360e+00
6.021917808219177992e+00
6.041095890410958624e+00
6.060273972602740145e+00
6.079452054794520777e+00
6.098630136986301409e+00
6.117808219178082041e+00
6.136986301369862673e+00
6.156164383561644193e+00
6.175342465753424825e+00
6.194520547945205458e+00
6.213698630136986090e+00
6.232876712328766722e+00
6.252054794520548242e+00
6.271232876712328874e+00
6.290410958904109506e+00
6.309589041095890138e+00
6.328767123287671659e+00
6.347945205479452291e+00
6.367123287671232923e+00
6.386301369863013555e+00
6.405479452054794187e+00
6.424657534246575707e+00
6.443835616438356340e+00
6.463013698630136972e+00
6.482191780821917604e+00
6.501369863013698236e+00
6.520547945205479756e+00
6.539726027397260388e+00
6.558904109589041020e+00
6.578082191780821653e+00
6.597260273972603173e+00
6.616438356164383805e+00
6.635616438356164437e+00
6.654794520547945069e+00
6.673972602739725701e+00
6.693150684931507222e+00
6.712328767123287854e+00
6.731506849315068486e+00
6.750684931506849118e+00
6.769863013698629750e+00
6.789041095890411270e+00
6.808219178082191902e+00
6.827397260273972535e+00
6.846575342465753167e+00
6.865753424657534687e+00
6.884931506849315319e+00
6.904109589041095951e+00
6.923287671232876583e+00
6.942465753424657215e+00
6.961643835616438736e+00
6.980821917808219368e+00
7.000000000000000000e+00
7.019178082191780632e+00
7.038356164383561264e+00
7.057534246575342785e+00
7.076712328767123417e+00
7.095890410958904049e+00
7.115068493150684681e+00
7.134246575342465313e+00
7.153424657534246833e+00
7.172602739726027465e+00
7.191780821917808098e+00
7.210958904109588730e+00
7.230136986301370250e+00
7.249315068493150882e+00
7.268493150684931514e+00
7.287671232876712146e+00
7.306849315068492778e+00
7.326027397260274299e+00
7.345205479452054931e+00
7.364383561643835563e+00
7.383561643835616195e+00
7.402739726027396827e+00
7.421917808219178347e+00
7.441095890410958980e+00
7.460273972602739612e+00
7.479452054794520244e+00
7.498630136986301764e+00
7.517808219178082396e+00
7.536986301369863028e+00
7.556164383561643660e+00
7.575342465753424293e+00
7.594520547945205813e+00
7.613698630136986445e+00
7.632876712328767077e+00
7.652054794520547709e+00
7.671232876712328341e+00
7.690410958904109862e+00
7.709589041095890494e+00
7.728767123287671126e+00
7.747945205479451758e+00
7.767123287671233278e+00
7.786301369863013910e+00
7.805479452054794542e+00
7.824657534246575175e+00
7.843835616438355807e+00
7.863013698630137327e+00
7.882191780821917959e+00
7.901369863013698591e+00
7.920547945205479223e+00
7.939726027397259855e+00
7.958904109589041376e+00
7.978082191780822008e+00
7.997260273972602640e+00
8.016438356164384160e+00
8.035616438356164792e+00
8.054794520547945424e+00
8.073972602739726057e+00
8.093150684931506689e+00
8.112328767123287321e+00
8.131506849315067953e+00
8.150684931506848585e+00
8.169863013698630994e+00
8.189041095890411626e+00
8.208219178082192258e+00
8.227397260273972890e+00
8.246575342465753522e+00
8.265753424657534154e+00
8.284931506849314786e+00
8.304109589041095418e+00
8.323287671232876050e+00
8.342465753424656683e+00
8.361643835616439091e+00
8.380821917808219723e+00
8.400000000000000355e+00
8.419178082191780987e+00
8.438356164383561620e+00
8.457534246575342252e+00
8.476712328767122884e+00
8.495890410958903516e+00
8.515068493150684148e+00
8.534246575342466556e+00
8.553424657534247189e+00
8.572602739726027821e+00
8.591780821917808453e+00
8.610958904109589085e+00
8.630136986301369717e+00
8.649315068493150349e+00
8.668493150684930981e+00
8.687671232876711613e+00
8.706849315068494022e+00
8.726027397260274654e+00
8.745205479452055286e+00
8.764383561643835918e+00
8.783561643835616550e+00
8.802739726027397182e+00
8.821917808219177815e+00
8.841095890410958447e+00
8.860273972602739079e+00
8.879452054794519711e+00
8.898630136986302119e+00
8.917808219178082751e+00
8.936986301369863384e+00
8.956164383561644016e+00
8.975342465753424648e+00
8.994520547945205280e+00
9.013698630136985912e+00
9.032876712328766544e+00
9.052054794520547176e+00
9.071232876712329585e+00
9.090410958904110217e+00
9.109589041095890849e+00
9.128767123287671481e+00
9.147945205479452113e+00
9.167123287671232745e+00
9.186301369863013377e+00
9.205479452054794010e+00
9.224657534246574642e+00
9.243835616438357050e+00
9.263013698630137682e+00
9.282191780821918314e+00
9.301369863013698946e+00
9.320547945205479579e+00
9.339726027397260211e+00
9.358904109589040843e+00
9.378082191780821475e+00
9.397260273972602107e+00
9.416438356164382739e+00
9.435616438356165148e+00
9.454794520547945780e+00
9.473972602739726412e+00
9.493150684931507044e+00
9.512328767123287676e+00
9.531506849315068308e+00
9.550684931506848940e+00
9.569863013698629572e+00
9.589041095890410205e+00
9.608219178082192613e+00
9.627397260273973245e+00
9.646575342465753877e+00
9.665753424657534509e+00
9.684931506849315141e+00
9.704109589041095774e+00
9.723287671232876406e+00
9.742465753424657038e+00
9.761643835616437670e+00
9.780821917808218302e+00
9.800000000000000711e+00
9.819178082191781343e+00
9.838356164383561975e+00
9.857534246575342607e+00
9.876712328767123239e+00
9.895890410958903871e+00
9.915068493150684503e+00
9.934246575342465135e+00
9.953424657534245767e+00
9.972602739726028176e+00
9.991780821917808808e+00
1.001095890410958944e+01
1.003013698630137007e+01
1.004931506849315070e+01
1.006849315068493134e+01
1.008767123287671197e+01
1.010684931506849260e+01
1.012602739726027323e+01
1.014520547945205564e+01
1.016438356164383627e+01
1.018356164383561691e+01
1.020273972602739754e+01
1.022191780821917817e+01
1.024109589041095880e+01
1.026027397260273943e+01
1.027945205479452007e+01
1.029863013698630070e+01
1.031780821917808133e+01
1.033698630136986374e+01
1.035616438356164437e+01
1.037534246575342500e+01
1.039452054794520564e+01
1.041369863013698627e+01
1.043287671232876690e+01
1.045205479452054753e+01
1.047123287671232816e+01
1.049041095890410880e+01
1.050958904109589120e+01
1.052876712328767184e+01
1.054794520547945247e+01
1.056712328767123310e+01
1.058630136986301373e+01
1.060547945205479436e+01
1.062465753424657500e+01
1.064383561643835563e+01
1.066301369863013626e+01
1.068219178082191867e+01
1.070136986301369930e+01
1.072054794520547993e+01
1.073972602739726057e+01
1.075890410958904120e+01
1.077808219178082183e+01
1.079726027397260246e+01
1.081643835616438309e+01
1.083561643835616373e+01
1.085479452054794436e+01
1.087397260273972677e+01
1.089315068493150740e+01
1.091232876712328803e+01
1.093150684931506866e+01
1.095068493150684930e+01
1.096986301369862993e+01
1.098904109589041056e+01
1.100821917808219119e+01
1.102739726027397182e+01
1.104657534246575423e+01
1.106575342465753486e+01
1.108493150684931550e+01
1.110410958904109613e+01
1.112328767123287676e+01
1.114246575342465739e+01
1.116164383561643803e+01
1.118082191780821866e+01
1.119999999999999929e+01
1.121917808219178170e+01
1.123835616438356233e+01
1.125753424657534296e+01
1.127671232876712359e+01
1.129589041095890423e+01
1.131506849315068486e+01
1.133424657534246549e+01
1.135342465753424612e+01
1.137260273972602675e+01
1.139178082191780739e+01
1.141095890410958980e+01
1.143013698630137043e+01
1.144931506849315106e+01
1.146849315068493169e+01
1.148767123287671232e+01
1.150684931506849296e+01
1.152602739726027359e+01
1.154520547945205422e+01
1.156438356164383485e+01
1.158356164383561726e+01
1.160273972602739789e+01
1.162191780821917853e+01
1.164109589041095916e+01
1.166027397260273979e+01
1.167945205479452042e+01
1.169863013698630105e+01
1.171780821917808169e+01
1.173698630136986232e+01
1.175616438356164295e+01
1.177534246575342536e+01
1.179452054794520599e+01
1.181369863013698662e+01
1.183287671232876725e+01
1.185205479452054789e+01
1.187123287671232852e+01
1.189041095890410915e+01
1.190958904109588978e+01
1.192876712328767042e+01
1.194794520547945282e+01
1.196712328767123346e+01
1.198630136986301409e+01
1.200547945205479472e+01
1.202465753424657535e+01
1.204383561643835598e+01
1.206301369863013662e+01
1.208219178082191725e+01
1.210136986301369788e+01
1.212054794520548029e+01
1.213972602739726092e+01
1.215890410958904155e+01
1.217808219178082219e+01
1.219726027397260282e+01
1.221643835616438345e+01
1.223561643835616408e+01
1.225479452054794471e+01
1.227397260273972535e+01
1.229315068493150598e+01
1.231232876712328839e+01
1.233150684931506902e+01
1.235068493150684965e+01
1.236986301369863028e+01
1.238904109589041092e+01
1.240821917808219155e+01
1.242739726027397218e+01
1.244657534246575281e+01
1.246575342465753344e+01
1.248493150684931585e+01
1.250410958904109648e+01
1.252328767123287712e+01
1.254246575342465775e+01
1.256164383561643838e+01
1.258082191780821901e+01
1.259999999999999964e+01
1.261917808219178028e+01
1.263835616438356091e+01
1.265753424657534332e+01
1.267671232876712395e+01
1.269589041095890458e+01
1.271506849315068521e+01
1.273424657534246585e+01
1.275342465753424648e+01
1.277260273972602711e+01
1.279178082191780774e+01
1.281095890410958837e+01
1.283013698630136901e+01
1.284931506849315141e+01
1.286849315068493205e+01
1.288767123287671268e+01
1.290684931506849331e+01
1.292602739726027394e+01
1.294520547945205458e+01
1.296438356164383521e+01
1.298356164383561584e+01
1.300273972602739647e+01
1.302191780821917888e+01
1.304109589041095951e+01
1.306027397260274014e+01
1.307945205479452078e+01
1.309863013698630141e+01
1.311780821917808204e+01
1.313698630136986267e+01
1.315616438356164331e+01
1.317534246575342394e+01
1.319452054794520635e+01
1.321369863013698698e+01
1.323287671232876761e+01
1.325205479452054824e+01
1.327123287671232887e+01
1.329041095890410951e+01
1.330958904109589014e+01
1.332876712328767077e+01
1.334794520547945140e+01
1.336712328767123203e+01
1.338630136986301444e+01
1.340547945205479508e+01
1.342465753424657571e+01
1.344383561643835634e+01
1.346301369863013697e+01
1.348219178082191760e+01
1.350136986301369824e+01
1.352054794520547887e+01
1.353972602739725950e+01
1.355890410958904191e+01
1.357808219178082254e+01
1.359726027397260317e+01
1.361643835616438380e+01
1.363561643835616444e+01
1.365479452054794507e+01
1.367397260273972570e+01
1.369315068493150633e+01
1.371232876712328697e+01
1.373150684931506937e+01
1.375068493150685001e+01
1.376986301369863064e+01
1.378904109589041127e+01
1.380821917808219190e+01
1.382739726027397253e+01
1.384657534246575317e+01
1.386575342465753380e+01
1.388493150684931443e+01
1.390410958904109506e+01
1.392328767123287747e+01
1.394246575342465810e+01
1.396164383561643874e+01
1.398082191780821937e+01
1.400000000000000000e+01
1.401917808219178063e+01
1.403835616438356126e+01
1.405753424657534190e+01
1.407671232876712253e+01
1.409589041095890494e+01
1.411506849315068557e+01
1.413424657534246620e+01
1.415342465753424683e+01
1.417260273972602747e+01
1.419178082191780810e+01
1.421095890410958873e+01
1.423013698630136936e+01
1.424931506849314999e+01
1.426849315068493063e+01
1.428767123287671303e+01
1.430684931506849367e+01
1.432602739726027430e+01
1.434520547945205493e+01
1.436438356164383556e+01
1.438356164383561620e+01
1.440273972602739683e+01
1.442191780821917746e+01
1.444109589041095809e+01
1.446027397260274050e+01
1.447945205479452113e+01
1.449863013698630176e+01
1.451780821917808240e+01
1.453698630136986303e+01
1.455616438356164366e+01
1.457534246575342429e+01
1.459452054794520492e+01
1.461369863013698556e+01
1.463287671232876797e+01
1.465205479452054860e+01
1.467123287671232923e+01
1.469041095890410986e+01
1.470958904109589049e+01
1.472876712328767113e+01
1.474794520547945176e+01
1.476712328767123239e+01
1.478630136986301302e+01
1.480547945205479365e+01
1.482465753424657606e+01
1.484383561643835669e+01
1.486301369863013733e+01
1.488219178082191796e+01
1.490136986301369859e+01
1.492054794520547922e+01
1.493972602739725986e+01
1.495890410958904049e+01
1.497808219178082112e+01
1.499726027397260353e+01
1.501643835616438416e+01
1.503561643835616479e+01
1.505479452054794542e+01
1.507397260273972606e+01
1.509315068493150669e+01
1.511232876712328732e+01
1.513150684931506795e+01
1.515068493150684859e+01
1.516986301369863099e+01
1.518904109589041163e+01
1.520821917808219226e+01
1.522739726027397289e+01
1.524657534246575352e+01
1.526575342465753415e+01
1.528493150684931479e+01
1.530410958904109542e+01
1.532328767123287605e+01
1.534246575342465668e+01
1.536164383561643909e+01
1.538082191780821972e+01
1.540000000000000036e+01
1.541917808219178099e+01
1.543835616438356162e+01
1.545753424657534225e+01
1.547671232876712288e+01
1.549589041095890352e+01
1.551506849315068415e+01
1.553424657534246656e+01
1.555342465753424719e+01
1.557260273972602782e+01
1.559178082191780845e+01
1.561095890410958908e+01
1.563013698630136972e+01
1.564931506849315035e+01
1.566849315068493098e+01
1.568767123287671161e+01
1.570684931506849402e+01
1.572602739726027465e+01
1.574520547945205529e+01
1.576438356164383592e+01
1.578356164383561655e+01
1.580273972602739718e+01
1.582191780821917781e+01
1.584109589041095845e+01
1.586027397260273908e+01
1.587945205479451971e+01
1.589863013698630212e+01
1.591780821917808275e+01
1.593698630136986338e+01
1.595616438356164402e+01
1.597534246575342465e+01
1.599452054794520528e+01
1.601369863013698591e+01
1.603287671232876832e+01
1.605205479452054718e+01
1.607123287671232958e+01
1.609041095890410844e+01
1.610958904109589085e+01
1.612876712328766970e+01
1.614794520547945211e+01
1.616712328767123452e+01
1.618630136986301338e+01
1.620547945205479579e+01
1.622465753424657464e+01
1.624383561643835705e+01
1.626301369863013591e+01
1.628219178082191831e+01
1.630136986301369717e+01
1.632054794520547958e+01
1.633972602739726199e+01
1.635890410958904084e+01
1.637808219178082325e+01
1.639726027397260211e+01
1.641643835616438452e+01
1.643561643835616337e+01
1.645479452054794578e+01
1.647397260273972464e+01
1.649315068493150704e+01
1.651232876712328590e+01
1.653150684931506831e+01
1.655068493150685072e+01
1.656986301369862957e+01
1.658904109589041198e+01
1.660821917808219084e+01
1.662739726027397325e+01
1.664657534246575210e+01
1.666575342465753451e+01
1.668493150684931337e+01
1.670410958904109577e+01
1.672328767123287818e+01
1.674246575342465704e+01
1.676164383561643945e+01
1.678082191780821830e+01
1.680000000000000071e+01
1.681917808219177957e+01
1.683835616438356197e+01
1.685753424657534083e+01
1.687671232876712324e+01
1.689589041095890565e+01
1.691506849315068450e+01
1.693424657534246691e+01
1.695342465753424577e+01
1.697260273972602818e+01
1.699178082191780703e+01
1.701095890410958944e+01
1.703013698630136830e+01
1.704931506849315070e+01
1.706849315068493311e+01
1.708767123287671197e+01
1.710684931506849438e+01
1.712602739726027323e+01
1.714520547945205564e+01
1.716438356164383450e+01
1.718356164383561691e+01
1.720273972602739576e+01
1.722191780821917817e+01
1.724109589041096058e+01
1.726027397260273943e+01
1.727945205479452184e+01
1.729863013698630070e+01
1.731780821917808311e+01
1.733698630136986196e+01
1.735616438356164437e+01
1.737534246575342323e+01
1.739452054794520564e+01
1.741369863013698804e+01
1.743287671232876690e+01
1.745205479452054931e+01
1.747123287671232816e+01
1.749041095890411057e+01
1.750958904109588943e+01
1.752876712328767184e+01
1.754794520547945069e+01
1.756712328767123310e+01
1.758630136986301196e+01
1.760547945205479436e+01
1.762465753424657677e+01
1.764383561643835563e+01
1.766301369863013804e+01
1.768219178082191689e+01
1.770136986301369930e+01
1.772054794520547816e+01
1.773972602739726057e+01
1.775890410958903942e+01
1.777808219178082183e+01
1.779726027397260424e+01
1.781643835616438309e+01
1.783561643835616550e+01
1.785479452054794436e+01
1.787397260273972677e+01
1.789315068493150562e+01
1.791232876712328803e+01
1.793150684931506689e+01
1.795068493150684930e+01
1.796986301369863170e+01
1.798904109589041056e+01
1.800821917808219297e+01
1.802739726027397182e+01
1.804657534246575423e+01
1.806575342465753309e+01
1.808493150684931550e+01
1.810410958904109435e+01
1.812328767123287676e+01
1.814246575342465917e+01
1.816164383561643803e+01
1.818082191780822043e+01
1.819999999999999929e+01
1.821917808219178170e+01
1.823835616438356055e+01
1.825753424657534296e+01
1.827671232876712182e+01
1.829589041095890423e+01
1.831506849315068663e+01
1.833424657534246549e+01
1.835342465753424790e+01
1.837260273972602675e+01
1.839178082191780916e+01
1.841095890410958802e+01
1.843013698630137043e+01
1.844931506849314928e+01
1.846849315068493169e+01
1.848767123287671410e+01
1.850684931506849296e+01
1.852602739726027536e+01
1.854520547945205422e+01
1.856438356164383663e+01
1.858356164383561548e+01
1.860273972602739789e+01
1.862191780821917675e+01
1.864109589041095916e+01
1.866027397260273801e+01
1.867945205479452042e+01
1.869863013698630283e+01
1.871780821917808169e+01
1.873698630136986409e+01
1.875616438356164295e+01
1.877534246575342536e+01
1.879452054794520421e+01
1.881369863013698662e+01
1.883287671232876548e+01
1.885205479452054789e+01
1.887123287671233030e+01
1.889041095890410915e+01
1.890958904109589156e+01
1.892876712328767042e+01
1.894794520547945282e+01
1.896712328767123168e+01
1.898630136986301409e+01
1.900547945205479294e+01
1.902465753424657535e+01
1.904383561643835776e+01
1.906301369863013662e+01
1.908219178082191902e+01
1.910136986301369788e+01
1.912054794520548029e+01
1.913972602739725914e+01
1.915890410958904155e+01
1.917808219178082041e+01
1.919726027397260282e+01
1.921643835616438523e+01
1.923561643835616408e+01
1.925479452054794649e+01
1.927397260273972535e+01
1.929315068493150775e+01
1.931232876712328661e+01
1.933150684931506902e+01
1.935068493150684787e+01
1.936986301369863028e+01
1.938904109589041269e+01
1.940821917808219155e+01
1.942739726027397396e+01
1.944657534246575281e+01
1.946575342465753522e+01
1.948493150684931408e+01
1.950410958904109648e+01
1.952328767123287534e+01
1.954246575342465775e+01
1.956164383561643660e+01
1.958082191780821901e+01
1.960000000000000142e+01
1.961917808219178028e+01
1.963835616438356269e+01
1.965753424657534154e+01
1.967671232876712395e+01
1.969589041095890281e+01
1.971506849315068521e+01
1.973424657534246407e+01
1.975342465753424648e+01
1.977260273972602889e+01
1.979178082191780774e+01
1.981095890410959015e+01
1.983013698630136901e+01
1.984931506849315141e+01
1.986849315068493027e+01
1.988767123287671268e+01
1.990684931506849153e+01
1.992602739726027394e+01
1.994520547945205635e+01
1.996438356164383521e+01
1.998356164383561762e+01
2.000273972602739647e+01
2.002191780821917888e+01
2.004109589041095774e+01
2.006027397260274014e+01
2.007945205479451900e+01
2.009863013698630141e+01
2.011780821917808382e+01
2.013698630136986267e+01
2.015616438356164508e+01
2.017534246575342394e+01
2.019452054794520635e+01
2.021369863013698520e+01
2.023287671232876761e+01
2.025205479452054647e+01
2.027123287671232887e+01
2.029041095890411128e+01
2.030958904109589014e+01
2.032876712328767255e+01
2.034794520547945140e+01
2.036712328767123381e+01
2.038630136986301267e+01
2.040547945205479508e+01
2.042465753424657393e+01
2.044383561643835634e+01
2.046301369863013875e+01
2.048219178082191760e+01
2.050136986301370001e+01
2.052054794520547887e+01
2.053972602739726128e+01
2.055890410958904013e+01
2.057808219178082254e+01
2.059726027397260140e+01
2.061643835616438380e+01
2.063561643835616266e+01
2.065479452054794507e+01
2.067397260273972748e+01
2.069315068493150633e+01
2.071232876712328874e+01
2.073150684931506760e+01
2.075068493150685001e+01
2.076986301369862886e+01
2.078904109589041127e+01
2.080821917808219013e+01
2.082739726027397253e+01
2.084657534246575494e+01
2.086575342465753380e+01
2.088493150684931621e+01
2.090410958904109506e+01
2.092328767123287747e+01
2.094246575342465633e+01
2.096164383561643874e+01
2.098082191780821759e+01
2.100000000000000000e+01
2.101917808219178241e+01
2.103835616438356126e+01
2.105753424657534367e+01
2.107671232876712253e+01
2.109589041095890494e+01
2.111506849315068379e+01
2.113424657534246620e+01
2.115342465753424506e+01
2.117260273972602747e+01
2.119178082191780987e+01
2.121095890410958873e+01
2.123013698630137114e+01
2.124931506849314999e+01
2.126849315068493240e+01
2.128767123287671126e+01
2.130684931506849367e+01
2.132602739726027252e+01
2.134520547945205493e+01
2.136438356164383734e+01
2.138356164383561620e+01
2.140273972602739860e+01
2.142191780821917746e+01
2.144109589041095987e+01
2.146027397260273872e+01
2.147945205479452113e+01
2.149863013698629999e+01
2.151780821917808240e+01
2.153698630136986125e+01
2.155616438356164366e+01
2.157534246575342607e+01
2.159452054794520492e+01
2.161369863013698733e+01
2.163287671232876619e+01
2.165205479452054860e+01
2.167123287671232745e+01
2.169041095890410986e+01
2.170958904109588872e+01
2.172876712328767113e+01
2.174794520547945353e+01
2.176712328767123239e+01
2.178630136986301480e+01
2.180547945205479365e+01
2.182465753424657606e+01
2.184383561643835492e+01
2.186301369863013733e+01
2.188219178082191618e+01
2.190136986301369859e+01
2.192054794520548100e+01
2.193972602739725986e+01
2.195890410958904226e+01
2.197808219178082112e+01
2.199726027397260353e+01
2.201643835616438238e+01
2.203561643835616479e+01
2.205479452054794365e+01
2.207397260273972606e+01
2.209315068493150847e+01
2.211232876712328732e+01
2.213150684931506973e+01
2.215068493150684859e+01
2.216986301369863099e+01
2.218904109589040985e+01
2.220821917808219226e+01
2.222739726027397111e+01
2.224657534246575352e+01
2.226575342465753593e+01
2.228493150684931479e+01
2.230410958904109719e+01
2.232328767123287605e+01
2.234246575342465846e+01
2.236164383561643731e+01
2.238082191780821972e+01
2.239999999999999858e+01
2.241917808219178099e+01
2.243835616438356340e+01
2.245753424657534225e+01
2.247671232876712466e+01
2.249589041095890352e+01
2.251506849315068592e+01
2.253424657534246478e+01
2.255342465753424719e+01
2.257260273972602604e+01
2.259178082191780845e+01
2.261095890410958731e+01
2.263013698630136972e+01
2.264931506849315213e+01
2.266849315068493098e+01
2.268767123287671339e+01
2.270684931506849225e+01
2.272602739726027465e+01
2.274520547945205351e+01
2.276438356164383592e+01
2.278356164383561477e+01
2.280273972602739718e+01
2.282191780821917959e+01
2.284109589041095845e+01
2.286027397260274086e+01
2.287945205479451971e+01
2.289863013698630212e+01
2.291780821917808098e+01
2.293698630136986338e+01
2.295616438356164224e+01
2.297534246575342465e+01
2.299452054794520706e+01
2.301369863013698591e+01
2.303287671232876832e+01
2.305205479452054718e+01
2.307123287671232958e+01
2.309041095890410844e+01
2.310958904109589085e+01
2.312876712328766970e+01
2.314794520547945211e+01
2.316712328767123452e+01
2.318630136986301338e+01
2.320547945205479579e+01
2.322465753424657464e+01
2.324383561643835705e+01
2.326301369863013591e+01
2.328219178082191831e+01
2.330136986301369717e+01
2.332054794520547958e+01
2.333972602739726199e+01
2.335890410958904084e+01
2.337808219178082325e+01
2.339726027397260211e+01
2.341643835616438452e+01
2.343561643835616337e+01
2.345479452054794578e+01
2.347397260273972464e+01
2.349315068493150704e+01
2.351232876712328590e+01
2.353150684931506831e+01
2.355068493150685072e+01
2.356986301369862957e+01
2.358904109589041198e+01
2.360821917808219084e+01
2.362739726027397325e+01
2.364657534246575210e+01
2.366575342465753451e+01
2.368493150684931337e+01
2.370410958904109577e+01
2.372328767123287818e+01
2.374246575342465704e+01
2.376164383561643945e+01
2.378082191780821830e+01
2.380000000000000071e+01
2.381917808219177957e+01
2.383835616438356197e+01
2.385753424657534083e+01
2.387671232876712324e+01
2.389589041095890565e+01
2.391506849315068450e+01
2.393424657534246691e+01
2.395342465753424577e+01
2.397260273972602818e+01
2.399178082191780703e+01
2.401095890410958944e+01
2.403013698630136830e+01
2.404931506849315070e+01
2.406849315068493311e+01
2.408767123287671197e+01
2.410684931506849438e+01
2.412602739726027323e+01
2.414520547945205564e+01
2.416438356164383450e+01
2.418356164383561691e+01
2.420273972602739576e+01
2.422191780821917817e+01
2.424109589041096058e+01
2.426027397260273943e+01
2.427945205479452184e+01
2.429863013698630070e+01
2.431780821917808311e+01
2.433698630136986196e+01
2.435616438356164437e+01
2.437534246575342323e+01
2.439452054794520564e+01
2.441369863013698804e+01
2.443287671232876690e+01
2.445205479452054931e+01
2.447123287671232816e+01
2.449041095890411057e+01
2.450958904109588943e+01
2.452876712328767184e+01
2.454794520547945069e+01
2.456712328767123310e+01
2.458630136986301196e+01
2.460547945205479436e+01
2.462465753424657677e+01
2.464383561643835563e+01
2.466301369863013804e+01
2.468219178082191689e+01
2.470136986301369930e+01
2.472054794520547816e+01
2.473972602739726057e+01
2.475890410958903942e+01
2.477808219178082183e+01
2.479726027397260424e+01
2.481643835616438309e+01
2.483561643835616550e+01
2.485479452054794436e+01
2.487397260273972677e+01
2.489315068493150562e+01
2.491232876712328803e+01
2.493150684931506689e+01
2.495068493150684930e+01
2.496986301369863170e+01
2.498904109589041056e+01
2.500821917808219297e+01
2.502739726027397182e+01
2.504657534246575423e+01
2.506575342465753309e+01
2.508493150684931550e+01
2.510410958904109435e+01
2.512328767123287676e+01
2.514246575342465917e+01
2.516164383561643803e+01
2.518082191780822043e+01
2.519999999999999929e+01
2.521917808219178170e+01
2.523835616438356055e+01
2.525753424657534296e+01
2.527671232876712182e+01
2.529589041095890423e+01
2.531506849315068663e+01
2.533424657534246549e+01
2.535342465753424790e+01
2.537260273972602675e+01
2.539178082191780916e+01
2.541095890410958802e+01
2.543013698630137043e+01
2.544931506849314928e+01
2.546849315068493169e+01
2.548767123287671410e+01
2.550684931506849296e+01
2.552602739726027536e+01
2.554520547945205422e+01
2.556438356164383663e+01
2.558356164383561548e+01
2.560273972602739789e+01
2.562191780821917675e+01
2.564109589041095916e+01
2.566027397260273801e+01
2.567945205479452042e+01
2.569863013698630283e+01
2.571780821917808169e+01
2.573698630136986409e+01
2.575616438356164295e+01
2.577534246575342536e+01
2.579452054794520421e+01
2.581369863013698662e+01
2.583287671232876548e+01
2.585205479452054789e+01
2.587123287671233030e+01
2.589041095890410915e+01
2.590958904109589156e+01
2.592876712328767042e+01
2.594794520547945282e+01
2.596712328767123168e+01
2.598630136986301409e+01
2.600547945205479294e+01
2.602465753424657535e+01
2.604383561643835776e+01
2.606301369863013662e+01
2.608219178082191902e+01
2.610136986301369788e+01
2.612054794520548029e+01
2.613972602739725914e+01
2.615890410958904155e+01
2.617808219178082041e+01
2.619726027397260282e+01
2.621643835616438523e+01
2.623561643835616408e+01
2.625479452054794649e+01
2.627397260273972535e+01
2.629315068493150775e+01
2.631232876712328661e+01
2.633150684931506902e+01
2.635068493150684787e+01
2.636986301369863028e+01
2.638904109589041269e+01
2.640821917808219155e+01
2.642739726027397396e+01
2.644657534246575281e+01
2.646575342465753522e+01
2.648493150684931408e+01
2.650410958904109648e+01
2.652328767123287534e+01
2.654246575342465775e+01
2.656164383561643660e+01
2.658082191780821901e+01
2.660000000000000142e+01
2.661917808219178028e+01
2.663835616438356269e+01
2.665753424657534154e+01
2.667671232876712395e+01
2.669589041095890281e+01
2.671506849315068521e+01
2.673424657534246407e+01
2.675342465753424648e+01
2.677260273972602889e+01
2.679178082191780774e+01
2.681095890410959015e+01
2.683013698630136901e+01
2.684931506849315141e+01
2.686849315068493027e+01
2.688767123287671268e+01
2.690684931506849153e+01
2.692602739726027394e+01
2.694520547945205635e+01
2.696438356164383521e+01
2.698356164383561762e+01
2.700273972602739647e+01
2.702191780821917888e+01
2.704109589041095774e+01
2.706027397260274014e+01
2.707945205479451900e+01
2.709863013698630141e+01
2.711780821917808382e+01
2.713698630136986267e+01
2.715616438356164508e+01
2.717534246575342394e+01
2.719452054794520635e+01
2.721369863013698520e+01
2.723287671232876761e+01
2.725205479452054647e+01
2.727123287671232887e+01
2.729041095890411128e+01
2.730958904109589014e+01
2.732876712328767255e+01
2.734794520547945140e+01
2.736712328767123381e+01
2.738630136986301267e+01
2.740547945205479508e+01
2.742465753424657393e+01
2.744383561643835634e+01
2.746301369863013875e+01
2.748219178082191760e+01
2.750136986301370001e+01
2.752054794520547887e+01
2.753972602739726128e+01
2.755890410958904013e+01
2.757808219178082254e+01
2.759726027397260140e+01
2.761643835616438380e+01
2.763561643835616266e+01
2.765479452054794507e+01
2.767397260273972748e+01
2.769315068493150633e+01
2.771232876712328874e+01
2.773150684931506760e+01
2.775068493150685001e+01
2.776986301369862886e+01
2.778904109589041127e+01
2.780821917808219013e+01
2.782739726027397253e+01
2.784657534246575494e+01
2.786575342465753380e+01
2.788493150684931621e+01
2.790410958904109506e+01
2.792328767123287747e+01
2.794246575342465633e+01
2.796164383561643874e+01
2.798082191780821759e+01
2.800000000000000000e+01
2.801917808219178241e+01
2.803835616438356126e+01
2.805753424657534367e+01
2.807671232876712253e+01
2.809589041095890494e+01
2.811506849315068379e+01
2.813424657534246620e+01
2.815342465753424506e+01
2.817260273972602747e+01
2.819178082191780987e+01
2.821095890410958873e+01
2.823013698630137114e+01
2.824931506849314999e+01
2.826849315068493240e+01
2.828767123287671126e+01
2.830684931506849367e+01
2.832602739726027252e+01
2.834520547945205493e+01
2.836438356164383734e+01
2.838356164383561620e+01
2.840273972602739860e+01
2.842191780821917746e+01
2.844109589041095987e+01
2.846027397260273872e+01
2.847945205479452113e+01
2.849863013698629999e+01
2.851780821917808240e+01
2.853698630136986125e+01
2.855616438356164366e+01
2.857534246575342607e+01
2.859452054794520492e+01
2.861369863013698733e+01
2.863287671232876619e+01
2.865205479452054860e+01
2.867123287671232745e+01
2.869041095890410986e+01
2.870958904109588872e+01
2.872876712328767113e+01
2.874794520547945353e+01
2.876712328767123239e+01
2.878630136986301480e+01
2.880547945205479365e+01
2.882465753424657606e+01
2.884383561643835492e+01
2.886301369863013733e+01
2.888219178082191618e+01
2.890136986301369859e+01
2.892054794520548100e+01
2.893972602739725986e+01
2.895890410958904226e+01
2.897808219178082112e+01
2.899726027397260353e+01
2.901643835616438238e+01
2.903561643835616479e+01
2.905479452054794365e+01
2.907397260273972606e+01
2.909315068493150847e+01
2.911232876712328732e+01
2.913150684931506973e+01
2.915068493150684859e+01
2.916986301369863099e+01
2.918904109589040985e+01
2.920821917808219226e+01
2.922739726027397111e+01
2.924657534246575352e+01
2.926575342465753593e+01
2.928493150684931479e+01
2.930410958904109719e+01
2.932328767123287605e+01
2.934246575342465846e+01
2.936164383561643731e+01
2.938082191780821972e+01
2.939999999999999858e+01
2.941917808219178099e+01
2.943835616438356340e+01
2.945753424657534225e+01
2.947671232876712466e+01
2.949589041095890352e+01
2.951506849315068592e+01
2.953424657534246478e+01
2.955342465753424719e+01
2.957260273972602604e+01
2.959178082191780845e+01
2.961095890410958731e+01
2.963013698630136972e+01
2.964931506849315213e+01
2.966849315068493098e+01
2.968767123287671339e+01
2.970684931506849225e+01
2.972602739726027465e+01
2.974520547945205351e+01
2.976438356164383592e+01
2.978356164383561477e+01
2.980273972602739718e+01
2.982191780821917959e+01
2.984109589041095845e+01
2.986027397260274086e+01
2.987945205479451971e+01
2.989863013698630212e+01
2.991780821917808098e+01
2.993698630136986338e+01
2.995616438356164224e+01
2.997534246575342465e+01
2.999452054794520706e+01
3.001369863013698591e+01
3.003287671232876832e+01
3.005205479452054718e+01
3.007123287671232958e+01
3.009041095890410844e+01
3.010958904109589085e+01
3.012876712328766970e+01
3.014794520547945211e+01
3.016712328767123452e+01
3.018630136986301338e+01
3.020547945205479579e+01
3.022465753424657464e+01
3.024383561643835705e+01
3.026301369863013591e+01
3.028219178082191831e+01
3.030136986301369717e+01
3.032054794520547958e+01
3.033972602739726199e+01
3.035890410958904084e+01
3.037808219178082325e+01
3.039726027397260211e+01
3.041643835616438452e+01
3.043561643835616337e+01
3.045479452054794578e+01
3.047397260273972464e+01
3.049315068493150704e+01
3.051232876712328590e+01
3.053150684931506831e+01
3.055068493150685072e+01
3.056986301369862957e+01
3.058904109589041198e+01
3.060821917808219084e+01
3.062739726027397325e+01
3.064657534246575210e+01
3.066575342465753451e+01
3.068493150684931337e+01
3.070410958904109577e+01
3.072328767123287818e+01
3.074246575342465704e+01
3.076164383561643945e+01
3.078082191780821830e+01
3.080000000000000071e+01
3.081917808219177957e+01
3.083835616438356197e+01
3.085753424657534083e+01
3.087671232876712324e+01
3.089589041095890565e+01
3.091506849315068450e+01
3.093424657534246691e+01
3.095342465753424577e+01
3.097260273972602818e+01
3.099178082191780703e+01
3.101095890410958944e+01
3.103013698630136830e+01
3.104931506849315070e+01
3.106849315068493311e+01
3.108767123287671197e+01
3.110684931506849438e+01
3.112602739726027323e+01
3.114520547945205564e+01
3.116438356164383450e+01
3.118356164383561691e+01
3.120273972602739576e+01
3.122191780821917817e+01
3.124109589041096058e+01
3.126027397260273943e+01
3.127945205479452184e+01
3.129863013698630070e+01
3.131780821917808311e+01
3.133698630136986196e+01
3.135616438356164437e+01
3.137534246575342323e+01
3.139452054794520564e+01
3.141369863013698804e+01
3.143287671232876690e+01
3.145205479452054931e+01
3.147123287671232816e+01
3.149041095890411057e+01
3.150958904109588943e+01
3.152876712328767184e+01
3.154794520547945069e+01
3.156712328767123310e+01
3.158630136986301196e+01
3.160547945205479436e+01
3.162465753424657677e+01
3.164383561643835563e+01
3.166301369863013804e+01
3.168219178082191689e+01
3.170136986301369930e+01
3.172054794520547816e+01
3.173972602739726057e+01
3.175890410958903942e+01
3.177808219178082183e+01
3.179726027397260424e+01
3.181643835616438309e+01
3.183561643835616550e+01
3.185479452054794436e+01
3.187397260273972677e+01
3.189315068493150562e+01
3.191232876712328803e+01
3.193150684931506689e+01
3.195068493150684930e+01
3.196986301369863170e+01
3.198904109589041056e+01
3.200821917808219297e+01
3.202739726027397182e+01
3.204657534246575068e+01
3.206575342465753664e+01
3.208493150684931550e+01
3.210410958904109435e+01
3.212328767123287321e+01
3.214246575342465917e+01
3.216164383561643803e+01
3.218082191780821688e+01
3.220000000000000284e+01
3.221917808219178170e+01
3.223835616438356055e+01
3.225753424657533941e+01
3.227671232876712537e+01
3.229589041095890423e+01
3.231506849315068308e+01
3.233424657534246904e+01
3.235342465753424790e+01
3.237260273972602675e+01
3.239178082191780561e+01
3.241095890410959157e+01
3.243013698630137043e+01
3.244931506849314928e+01
3.246849315068492814e+01
3.248767123287671410e+01
3.250684931506849296e+01
3.252602739726027181e+01
3.254520547945205777e+01
3.256438356164383663e+01
3.258356164383561548e+01
3.260273972602739434e+01
3.262191780821918030e+01
3.264109589041095916e+01
3.266027397260273801e+01
3.267945205479452397e+01
3.269863013698630283e+01
3.271780821917808169e+01
3.273698630136986054e+01
3.275616438356164650e+01
3.277534246575342536e+01
3.279452054794520421e+01
3.281369863013698307e+01
3.283287671232876903e+01
3.285205479452054789e+01
3.287123287671232674e+01
3.289041095890411270e+01
3.290958904109589156e+01
3.292876712328767042e+01
3.294794520547944927e+01
3.296712328767123523e+01
3.298630136986301409e+01
3.300547945205479294e+01
3.302465753424657180e+01
3.304383561643835776e+01
3.306301369863013662e+01
3.308219178082191547e+01
3.310136986301370143e+01
3.312054794520548029e+01
3.313972602739725914e+01
3.315890410958903800e+01
3.317808219178082396e+01
3.319726027397260282e+01
3.321643835616438167e+01
3.323561643835616763e+01
3.325479452054794649e+01
3.327397260273972535e+01
3.329315068493150420e+01
3.331232876712329016e+01
3.333150684931506902e+01
3.335068493150684787e+01
3.336986301369862673e+01
3.338904109589041269e+01
3.340821917808219155e+01
3.342739726027397040e+01
3.344657534246575636e+01
3.346575342465753522e+01
3.348493150684931408e+01
3.350410958904109293e+01
3.352328767123287889e+01
3.354246575342465775e+01
3.356164383561643660e+01
3.358082191780822257e+01
3.360000000000000142e+01
3.361917808219178028e+01
3.363835616438355913e+01
3.365753424657534509e+01
3.367671232876712395e+01
3.369589041095890281e+01
3.371506849315068166e+01
3.373424657534246762e+01
3.375342465753424648e+01
3.377260273972602533e+01
3.379178082191781129e+01
3.381095890410959015e+01
3.383013698630136901e+01
3.384931506849314786e+01
3.386849315068493382e+01
3.388767123287671268e+01
3.390684931506849153e+01
3.392602739726027750e+01
3.394520547945205635e+01
3.396438356164383521e+01
3.398356164383561406e+01
3.400273972602740002e+01
3.402191780821917888e+01
3.404109589041095774e+01
3.406027397260273659e+01
3.407945205479452255e+01
3.409863013698630141e+01
3.411780821917808026e+01
3.413698630136986623e+01
3.415616438356164508e+01
3.417534246575342394e+01
3.419452054794520279e+01
3.421369863013698875e+01
3.423287671232876761e+01
3.425205479452054647e+01
3.427123287671232532e+01
3.429041095890411128e+01
3.430958904109589014e+01
3.432876712328766899e+01
3.434794520547945496e+01
3.436712328767123381e+01
3.438630136986301267e+01
3.440547945205479152e+01
3.442465753424657748e+01
3.444383561643835634e+01
3.446301369863013520e+01
3.448219178082192116e+01
3.450136986301370001e+01
3.452054794520547887e+01
3.453972602739725772e+01
3.455890410958904368e+01
3.457808219178082254e+01
3.459726027397260140e+01
3.461643835616438025e+01
3.463561643835616621e+01
3.465479452054794507e+01
3.467397260273972392e+01
3.469315068493150989e+01
3.471232876712328874e+01
3.473150684931506760e+01
3.475068493150684645e+01
3.476986301369863241e+01
3.478904109589041127e+01
3.480821917808219013e+01
3.482739726027397609e+01
3.484657534246575494e+01
3.486575342465753380e+01
3.488493150684931265e+01
3.490410958904109862e+01
3.492328767123287747e+01
3.494246575342465633e+01
3.496164383561643518e+01
3.498082191780822114e+01
3.500000000000000000e+01
3.501917808219177886e+01
3.503835616438356482e+01
3.505753424657534367e+01
3.507671232876712253e+01
3.509589041095890138e+01
3.511506849315068735e+01
3.513424657534246620e+01
3.515342465753424506e+01
3.517260273972602391e+01
3.519178082191780987e+01
3.521095890410958873e+01
3.523013698630136759e+01
3.524931506849315355e+01
3.526849315068493240e+01
3.528767123287671126e+01
3.530684931506849011e+01
3.532602739726027608e+01
3.534520547945205493e+01
3.536438356164383379e+01
3.538356164383561975e+01
3.540273972602739860e+01
3.542191780821917746e+01
3.544109589041095632e+01
3.546027397260274228e+01
3.547945205479452113e+01
3.549863013698629999e+01
3.551780821917807884e+01
3.553698630136986480e+01
3.555616438356164366e+01
3.557534246575342252e+01
3.559452054794520848e+01
3.561369863013698733e+01
3.563287671232876619e+01
3.565205479452054504e+01
3.567123287671233101e+01
3.569041095890410986e+01
3.570958904109588872e+01
3.572876712328767468e+01
3.574794520547945353e+01
3.576712328767123239e+01
3.578630136986301125e+01
3.580547945205479721e+01
3.582465753424657606e+01
3.584383561643835492e+01
3.586301369863013377e+01
3.588219178082191974e+01
3.590136986301369859e+01
3.592054794520547745e+01
3.593972602739726341e+01
3.595890410958904226e+01
3.597808219178082112e+01
3.599726027397259998e+01
3.601643835616438594e+01
3.603561643835616479e+01
3.605479452054794365e+01
3.607397260273972250e+01
3.609315068493150847e+01
3.611232876712328732e+01
3.613150684931506618e+01
3.615068493150685214e+01
3.616986301369863099e+01
3.618904109589040985e+01
3.620821917808218871e+01
3.622739726027397467e+01
3.624657534246575352e+01
3.626575342465753238e+01
3.628493150684931834e+01
3.630410958904109719e+01
3.632328767123287605e+01
3.634246575342465491e+01
3.636164383561644087e+01
3.638082191780821972e+01
3.639999999999999858e+01
3.641917808219177743e+01
3.643835616438356340e+01
3.645753424657534225e+01
3.647671232876712111e+01
3.649589041095890707e+01
3.651506849315068592e+01
3.653424657534246478e+01
3.655342465753424364e+01
3.657260273972602960e+01
3.659178082191780845e+01
3.661095890410958731e+01
3.663013698630137327e+01
3.664931506849315213e+01
3.666849315068493098e+01
3.668767123287670984e+01
3.670684931506849580e+01
3.672602739726027465e+01
3.674520547945205351e+01
3.676438356164383237e+01
3.678356164383561833e+01
3.680273972602739718e+01
3.682191780821917604e+01
3.684109589041096200e+01
3.686027397260274086e+01
3.687945205479451971e+01
3.689863013698629857e+01
3.691780821917808453e+01
3.693698630136986338e+01
3.695616438356164224e+01
3.697534246575342820e+01
3.699452054794520706e+01
3.701369863013698591e+01
3.703287671232876477e+01
3.705205479452055073e+01
3.707123287671232958e+01
3.709041095890410844e+01
3.710958904109588730e+01
3.712876712328767326e+01
3.714794520547945211e+01
3.716712328767123097e+01
3.718630136986301693e+01
3.720547945205479579e+01
3.722465753424657464e+01
3.724383561643835350e+01
3.726301369863013946e+01
3.728219178082191831e+01
3.730136986301369717e+01
3.732054794520547603e+01
3.733972602739726199e+01
3.735890410958904084e+01
3.737808219178081970e+01
3.739726027397260566e+01
3.741643835616438452e+01
3.743561643835616337e+01
3.745479452054794223e+01
3.747397260273972819e+01
3.749315068493150704e+01
3.751232876712328590e+01
3.753150684931507186e+01
3.755068493150685072e+01
3.756986301369862957e+01
3.758904109589040843e+01
3.760821917808219439e+01
3.762739726027397325e+01
3.764657534246575210e+01
3.766575342465753096e+01
3.768493150684931692e+01
3.770410958904109577e+01
3.772328767123287463e+01
3.774246575342466059e+01
3.776164383561643945e+01
3.778082191780821830e+01
3.779999999999999716e+01
3.781917808219178312e+01
3.783835616438356197e+01
3.785753424657534083e+01
3.787671232876712679e+01
3.789589041095890565e+01
3.791506849315068450e+01
3.793424657534246336e+01
3.795342465753424932e+01
3.797260273972602818e+01
3.799178082191780703e+01
3.801095890410958589e+01
3.803013698630137185e+01
3.804931506849315070e+01
3.806849315068492956e+01
3.808767123287671552e+01
3.810684931506849438e+01
3.812602739726027323e+01
3.814520547945205209e+01
3.816438356164383805e+01
3.818356164383561691e+01
3.820273972602739576e+01
3.822191780821917462e+01
3.824109589041096058e+01
3.826027397260273943e+01
3.827945205479451829e+01
3.829863013698630425e+01
3.831780821917808311e+01
3.833698630136986196e+01
3.835616438356164082e+01
3.837534246575342678e+01
3.839452054794520564e+01
3.841369863013698449e+01
3.843287671232877045e+01
3.845205479452054931e+01
3.847123287671232816e+01
3.849041095890410702e+01
3.850958904109589298e+01
3.852876712328767184e+01
3.854794520547945069e+01
3.856712328767122955e+01
3.858630136986301551e+01
3.860547945205479436e+01
3.862465753424657322e+01
3.864383561643835918e+01
3.866301369863013804e+01
3.868219178082191689e+01
3.870136986301369575e+01
3.872054794520548171e+01
3.873972602739726057e+01
3.875890410958903942e+01
3.877808219178082538e+01
3.879726027397260424e+01
3.881643835616438309e+01
3.883561643835616195e+01
3.885479452054794791e+01
3.887397260273972677e+01
3.889315068493150562e+01
3.891232876712328448e+01
3.893150684931507044e+01
3.895068493150684930e+01
3.896986301369862815e+01
3.898904109589041411e+01
3.900821917808219297e+01
3.902739726027397182e+01
3.904657534246575068e+01
3.906575342465753664e+01
3.908493150684931550e+01
3.910410958904109435e+01
3.912328767123287321e+01
3.914246575342465917e+01
3.916164383561643803e+01
3.918082191780821688e+01
3.920000000000000284e+01
3.921917808219178170e+01
3.923835616438356055e+01
3.925753424657533941e+01
3.927671232876712537e+01
3.929589041095890423e+01
3.931506849315068308e+01
3.933424657534246904e+01
3.935342465753424790e+01
3.937260273972602675e+01
3.939178082191780561e+01
3.941095890410959157e+01
3.943013698630137043e+01
3.944931506849314928e+01
3.946849315068492814e+01
3.948767123287671410e+01
3.950684931506849296e+01
3.952602739726027181e+01
3.954520547945205777e+01
3.956438356164383663e+01
3.958356164383561548e+01
3.960273972602739434e+01
3.962191780821918030e+01
3.964109589041095916e+01
3.966027397260273801e+01
3.967945205479452397e+01
3.969863013698630283e+01
3.971780821917808169e+01
3.973698630136986054e+01
3.975616438356164650e+01
3.977534246575342536e+01
3.979452054794520421e+01
3.981369863013698307e+01
3.983287671232876903e+01
3.985205479452054789e+01
3.987123287671232674e+01
3.989041095890411270e+01
3.990958904109589156e+01
3.992876712328767042e+01
3.994794520547944927e+01
3.996712328767123523e+01
3.998630136986301409e+01
4.000547945205479294e+01
4.002465753424657180e+01
4.004383561643835776e+01
4.006301369863013662e+01
4.008219178082191547e+01
4.010136986301370143e+01
4.012054794520548029e+01
4.013972602739725914e+01
4.015890410958903800e+01
4.017808219178082396e+01
4.019726027397260282e+01
4.021643835616438167e+01
4.023561643835616763e+01
4.025479452054794649e+01
4.027397260273972535e+01
4.029315068493150420e+01
4.031232876712329016e+01
4.033150684931506902e+01
4.035068493150684787e+01
4.036986301369862673e+01
4.038904109589041269e+01
4.040821917808219155e+01
4.042739726027397040e+01
4.044657534246575636e+01
4.046575342465753522e+01
4.048493150684931408e+01
4.050410958904109293e+01
4.052328767123287889e+01
4.054246575342465775e+01
4.056164383561643660e+01
4.058082191780822257e+01
4.060000000000000142e+01
4.061917808219178028e+01
4.063835616438355913e+01
4.065753424657534509e+01
4.067671232876712395e+01
4.069589041095890281e+01
4.071506849315068166e+01
4.073424657534246762e+01
4.075342465753424648e+01
4.077260273972602533e+01
4.079178082191781129e+01
4.081095890410959015e+01
4.083013698630136901e+01
4.084931506849314786e+01
4.086849315068493382e+01
4.088767123287671268e+01
4.090684931506849153e+01
4.092602739726027750e+01
4.094520547945205635e+01
4.096438356164383521e+01
4.098356164383561406e+01
4.100273972602740002e+01
4.102191780821917888e+01
4.104109589041095774e+01
4.106027397260273659e+01
4.107945205479452255e+01
4.109863013698630141e+01
4.111780821917808026e+01
4.113698630136986623e+01
4.115616438356164508e+01
4.117534246575342394e+01
4.119452054794520279e+01
4.121369863013698875e+01
4.123287671232876761e+01
4.125205479452054647e+01
4.127123287671232532e+01
4.129041095890411128e+01
4.130958904109589014e+01
4.132876712328766899e+01
4.134794520547945496e+01
4.136712328767123381e+01
4.138630136986301267e+01
4.140547945205479152e+01
4.142465753424657748e+01
4.144383561643835634e+01
4.146301369863013520e+01
4.148219178082192116e+01
4.150136986301370001e+01
4.152054794520547887e+01
4.153972602739725772e+01
4.155890410958904368e+01
4.157808219178082254e+01
4.159726027397260140e+01
4.161643835616438025e+01
4.163561643835616621e+01
4.165479452054794507e+01
4.167397260273972392e+01
4.169315068493150989e+01
4.171232876712328874e+01
4.173150684931506760e+01
4.175068493150684645e+01
4.176986301369863241e+01
4.178904109589041127e+01
4.180821917808219013e+01
4.182739726027397609e+01
4.184657534246575494e+01
4.186575342465753380e+01
4.188493150684931265e+01
4.190410958904109862e+01
4.192328767123287747e+01
4.194246575342465633e+01
4.196164383561643518e+01
4.198082191780822114e+01
4.200000000000000000e+01
4.201917808219177886e+01
4.203835616438356482e+01
4.205753424657534367e+01
4.207671232876712253e+01
4.209589041095890138e+01
4.211506849315068735e+01
4.213424657534246620e+01
4.215342465753424506e+01
4.217260273972602391e+01
4.219178082191780987e+01
4.221095890410958873e+01
4.223013698630136759e+01
4.224931506849315355e+01
4.226849315068493240e+01
4.228767123287671126e+01
4.230684931506849011e+01
4.232602739726027608e+01
4.234520547945205493e+01
4.236438356164383379e+01
4.238356164383561975e+01
4.240273972602739860e+01
4.242191780821917746e+01
4.244109589041095632e+01
4.246027397260274228e+01
4.247945205479452113e+01
4.249863013698629999e+01
4.251780821917807884e+01
4.253698630136986480e+01
4.255616438356164366e+01
4.257534246575342252e+01
4.259452054794520848e+01
4.261369863013698733e+01
4.263287671232876619e+01
4.265205479452054504e+01
4.267123287671233101e+01
4.269041095890410986e+01
4.270958904109588872e+01
4.272876712328767468e+01
4.274794520547945353e+01
4.276712328767123239e+01
4.278630136986301125e+01
4.280547945205479721e+01
4.282465753424657606e+01
4.284383561643835492e+01
4.286301369863013377e+01
4.288219178082191974e+01
4.290136986301369859e+01
4.292054794520547745e+01
4.293972602739726341e+01
4.295890410958904226e+01
4.297808219178082112e+01
4.299726027397259998e+01
4.301643835616438594e+01
4.303561643835616479e+01
4.305479452054794365e+01
4.307397260273972250e+01
4.309315068493150847e+01
4.311232876712328732e+01
4.313150684931506618e+01
4.315068493150685214e+01
4.316986301369863099e+01
4.318904109589040985e+01
4.320821917808218871e+01
4.322739726027397467e+01
4.324657534246575352e+01
4.326575342465753238e+01
4.328493150684931834e+01
4.330410958904109719e+01
4.332328767123287605e+01
4.334246575342465491e+01
4.336164383561644087e+01
4.338082191780821972e+01
4.339999999999999858e+01
4.341917808219177743e+01
4.343835616438356340e+01
4.345753424657534225e+01
4.347671232876712111e+01
4.349589041095890707e+01
4.351506849315068592e+01
4.353424657534246478e+01
4.355342465753424364e+01
4.357260273972602960e+01
4.359178082191780845e+01
4.361095890410958731e+01
4.363013698630137327e+01
4.364931506849315213e+01
4.366849315068493098e+01
4.368767123287670984e+01
4.370684931506849580e+01
4.372602739726027465e+01
4.374520547945205351e+01
4.376438356164383237e+01
4.378356164383561833e+01
4.380273972602739718e+01
4.382191780821917604e+01
4.384109589041096200e+01
4.386027397260274086e+01
4.387945205479451971e+01
4.389863013698629857e+01
4.391780821917808453e+01
4.393698630136986338e+01
4.395616438356164224e+01
4.397534246575342820e+01
4.399452054794520706e+01
4.401369863013698591e+01
4.403287671232876477e+01
4.405205479452055073e+01
4.407123287671232958e+01
4.409041095890410844e+01
4.410958904109588730e+01
4.412876712328767326e+01
4.414794520547945211e+01
4.416712328767123097e+01
4.418630136986301693e+01
4.420547945205479579e+01
4.422465753424657464e+01
4.424383561643835350e+01
4.426301369863013946e+01
4.428219178082191831e+01
4.430136986301369717e+01
4.432054794520547603e+01
4.433972602739726199e+01
4.435890410958904084e+01
4.437808219178081970e+01
4.439726027397260566e+01
4.441643835616438452e+01
4.443561643835616337e+01
4.445479452054794223e+01
4.447397260273972819e+01
4.449315068493150704e+01
4.451232876712328590e+01
4.453150684931507186e+01
4.455068493150685072e+01
4.456986301369862957e+01
4.458904109589040843e+01
4.460821917808219439e+01
4.462739726027397325e+01
4.464657534246575210e+01
4.466575342465753096e+01
4.468493150684931692e+01
4.470410958904109577e+01
4.472328767123287463e+01
4.474246575342466059e+01
4.476164383561643945e+01
4.478082191780821830e+01
4.479999999999999716e+01
4.481917808219178312e+01
4.483835616438356197e+01
4.485753424657534083e+01
4.487671232876712679e+01
4.489589041095890565e+01
4.491506849315068450e+01
4.493424657534246336e+01
4.495342465753424932e+01
4.497260273972602818e+01
4.499178082191780703e+01
4.501095890410958589e+01
4.503013698630137185e+01
4.504931506849315070e+01
4.506849315068492956e+01
4.508767123287671552e+01
4.510684931506849438e+01
4.512602739726027323e+01
4.514520547945205209e+01
4.516438356164383805e+01
4.518356164383561691e+01
4.520273972602739576e+01
4.522191780821917462e+01
4.524109589041096058e+01
4.526027397260273943e+01
4.527945205479451829e+01
4.529863013698630425e+01
4.531780821917808311e+01
4.533698630136986196e+01
4.535616438356164082e+01
4.537534246575342678e+01
4.539452054794520564e+01
4.541369863013698449e+01
4.543287671232877045e+01
4.545205479452054931e+01
4.547123287671232816e+01
4.549041095890410702e+01
4.550958904109589298e+01
4.552876712328767184e+01
4.554794520547945069e+01
4.556712328767122955e+01
4.558630136986301551e+01
4.560547945205479436e+01
4.562465753424657322e+01
4.564383561643835918e+01
4.566301369863013804e+01
4.568219178082191689e+01
4.570136986301369575e+01
4.572054794520548171e+01
4.573972602739726057e+01
4.575890410958903942e+01
4.577808219178082538e+01
4.579726027397260424e+01
4.581643835616438309e+01
4.583561643835616195e+01
4.585479452054794791e+01
4.587397260273972677e+01
4.589315068493150562e+01
4.591232876712328448e+01
4.593150684931507044e+01
4.595068493150684930e+01
4.596986301369862815e+01
4.598904109589041411e+01
4.600821917808219297e+01
4.602739726027397182e+01
4.604657534246575068e+01
4.606575342465753664e+01
4.608493150684931550e+01
4.610410958904109435e+01
4.612328767123287321e+01
4.614246575342465917e+01
4.616164383561643803e+01
4.618082191780821688e+01
4.620000000000000284e+01
4.621917808219178170e+01
4.623835616438356055e+01
4.625753424657533941e+01
4.627671232876712537e+01
4.629589041095890423e+01
4.631506849315068308e+01
4.633424657534246904e+01
4.635342465753424790e+01
4.637260273972602675e+01
4.639178082191780561e+01
4.641095890410959157e+01
4.643013698630137043e+01
4.644931506849314928e+01
4.646849315068492814e+01
4.648767123287671410e+01
4.650684931506849296e+01
4.652602739726027181e+01
4.654520547945205777e+01
4.656438356164383663e+01
4.658356164383561548e+01
4.660273972602739434e+01
4.662191780821918030e+01
4.664109589041095916e+01
4.666027397260273801e+01
4.667945205479452397e+01
4.669863013698630283e+01
4.671780821917808169e+01
4.673698630136986054e+01
4.675616438356164650e+01
4.677534246575342536e+01
4.679452054794520421e+01
4.681369863013698307e+01
4.683287671232876903e+01
4.685205479452054789e+01
4.687123287671232674e+01
4.689041095890411270e+01
4.690958904109589156e+01
4.692876712328767042e+01
4.694794520547944927e+01
4.696712328767123523e+01
4.698630136986301409e+01
4.700547945205479294e+01
4.702465753424657180e+01
4.704383561643835776e+01
4.706301369863013662e+01
4.708219178082191547e+01
4.710136986301370143e+01
4.712054794520548029e+01
4.713972602739725914e+01
4.715890410958903800e+01
4.717808219178082396e+01
4.719726027397260282e+01
4.721643835616438167e+01
4.723561643835616763e+01
4.725479452054794649e+01
4.727397260273972535e+01
4.729315068493150420e+01
4.731232876712329016e+01
4.733150684931506902e+01
4.735068493150684787e+01
4.736986301369862673e+01
4.738904109589041269e+01
4.740821917808219155e+01
4.742739726027397040e+01
4.744657534246575636e+01
4.746575342465753522e+01
4.748493150684931408e+01
4.750410958904109293e+01
4.752328767123287889e+01
4.754246575342465775e+01
